0.1140798405394436 -37.547291406556525
0.1265063233902973 -36.00640753305067
0.138932806241151 -34.46552365954481
0.1513592890920047 -32.92463978603895
0.1637857719428584 -31.383755912533093
0.17621225479371208 -29.842872039027235
0.1886387376445658 -28.30198816552138
0.20106522049541947 -26.761104292015517
0.21349170334627318 -25.220220418509662
0.2259181861971269 -23.6793365450038
0.23834466904798057 -22.138452671497944
0.25077115189883425 -20.597568797992082
0.26319763474968794 -19.05668492448623
0.2756241176005417 -17.515801050980368
0.28805060045139536 -15.974917177474513
0.3004770833022491 -14.43403330396865
0.3129035661531028 -12.893149430462795
0.32533004900395646 -11.352265556956937
0.33775653185481014 -9.811381683451078
0.3501830147056639 -8.270497809945216
0.36260949755651756 -6.72961393643936
0.10165335768858991 -36.00640753305067
0.1140798405394436 -34.465523659544814
0.1265063233902973 -32.92463978603895
0.138932806241151 -31.383755912533097
0.1513592890920047 -29.842872039027238
0.1637857719428584 -28.30198816552138
0.17621225479371208 -26.761104292015524
0.1886387376445658 -25.220220418509662
0.20106522049541947 -23.679336545003807
0.21349170334627318 -22.138452671497944
0.2259181861971269 -20.59756879799209
0.23834466904798057 -19.056684924486227
0.25077115189883425 -17.515801050980375
0.263197634749688 -15.974917177474513
0.2756241176005416 -14.434033303968658
0.2880506004513954 -12.893149430462795
0.3004770833022491 -11.35226555695694
0.3129035661531028 -9.811381683451081
0.32533004900395646 -8.270497809945223
0.3377565318548102 -6.72961393643936
0.3501830147056638 -5.188730062933505
0.08922687483773621 -34.46552365954481
0.10165335768858991 -32.92463978603895
0.1140798405394436 -31.38375591253309
0.1265063233902973 -29.842872039027235
0.138932806241151 -28.301988165521376
0.1513592890920047 -26.761104292015517
0.16378577194285837 -25.220220418509662
0.17621225479371208 -23.6793365450038
0.1886387376445658 -22.138452671497944
0.20106522049541947 -20.597568797992082
0.21349170334627318 -19.056684924486227
0.2259181861971269 -17.515801050980365
0.23834466904798057 -15.974917177474513
0.2507711518988343 -14.43403330396865
0.26319763474968794 -12.893149430462795
0.2756241176005417 -11.352265556956933
0.28805060045139536 -9.811381683451078
0.30047708330224904 -8.270497809945219
0.3129035661531028 -6.72961393643936
0.3253300490039565 -5.188730062933498
0.33775653185481014 -3.647846189427643
0.07680039198688252 -32.92463978603895
0.08922687483773621 -31.383755912533093
0.10165335768858991 -29.842872039027235
0.1140798405394436 -28.30198816552138
0.1265063233902973 -26.76110429201552
0.138932806241151 -25.220220418509662
0.1513592890920047 -23.679336545003807
0.16378577194285837 -22.138452671497944
0.1762122547937121 -20.59756879799209
0.1886387376445658 -19.056684924486227
0.20106522049541947 -17.51580105098037
0.21349170334627318 -15.97491717747451
0.22591818619712686 -14.434033303968658
0.2383446690479806 -12.893149430462795
0.25077115189883425 -11.35226555695694
0.263197634749688 -9.811381683451078
0.2756241176005417 -8.270497809945223
0.28805060045139536 -6.729613936439364
0.3004770833022491 -5.188730062933505
0.3129035661531028 -3.647846189427643
0.32533004900395646 -2.1069623159217876
0.06437390913602883 -31.383755912533093
0.07680039198688253 -29.842872039027235
0.08922687483773623 -28.301988165521376
0.10165335768858992 -26.76110429201552
0.11407984053944362 -25.220220418509662
0.12650632339029733 -23.679336545003803
0.138932806241151 -22.138452671497944
0.1513592890920047 -20.59756879799209
0.16378577194285843 -19.056684924486227
0.1762122547937121 -17.51580105098037
0.1886387376445658 -15.974917177474511
0.2010652204954195 -14.43403330396865
0.21349170334627318 -12.893149430462799
0.22591818619712692 -11.352265556956937
0.23834466904798057 -9.811381683451081
0.2507711518988343 -8.270497809945219
0.263197634749688 -6.729613936439364
0.2756241176005417 -5.188730062933505
0.2880506004513954 -3.6478461894276464
0.3004770833022491 -2.106962315921784
0.3129035661531028 -0.5660784424159289
0.05194742628517514 -29.842872039027235
0.06437390913602883 -28.301988165521376
0.07680039198688253 -26.761104292015517
0.08922687483773623 -25.220220418509662
0.10165335768858993 -23.679336545003803
0.11407984053944362 -22.138452671497944
0.12650632339029733 -20.59756879799209
0.138932806241151 -19.056684924486227
0.15135928909200472 -17.51580105098037
0.16378577194285843 -15.974917177474511
0.1762122547937121 -14.434033303968652
0.1886387376445658 -12.893149430462792
0.20106522049541947 -11.35226555695694
0.2134917033462732 -9.811381683451078
0.2259181861971269 -8.270497809945223
0.23834466904798063 -6.72961393643936
0.2507711518988343 -5.188730062933505
0.263197634749688 -3.6478461894276464
0.2756241176005417 -2.1069623159217876
0.2880506004513954 -0.5660784424159253
0.3004770833022491 0.9748054310899299
0.03952094343432143 -28.30198816552138
0.051947426285175125 -26.76110429201552
0.06437390913602882 -25.220220418509662
0.07680039198688252 -23.679336545003807
0.08922687483773623 -22.138452671497948
0.10165335768858991 -20.59756879799209
0.1140798405394436 -19.056684924486234
0.1265063233902973 -17.51580105098037
0.138932806241151 -15.974917177474515
0.1513592890920047 -14.434033303968656
0.1637857719428584 -12.893149430462797
0.1762122547937121 -11.352265556956937
0.1886387376445658 -9.811381683451085
0.20106522049541953 -8.270497809945223
0.21349170334627315 -6.7296139364393674
0.2259181861971269 -5.188730062933505
0.23834466904798057 -3.64784618942765
0.25077115189883425 -2.106962315921791
0.263197634749688 -0.5660784424159324
0.27562411760054173 0.9748054310899299
0.28805060045139536 2.515689304595785
0.027094460583467733 -26.761104292015517
0.03952094343432143 -25.22022041850966
0.051947426285175125 -23.6793365450038
0.06437390913602882 -22.138452671497944
0.07680039198688252 -20.597568797992086
0.08922687483773623 -19.056684924486227
0.10165335768858991 -17.51580105098037
0.1140798405394436 -15.974917177474511
0.12650632339029733 -14.434033303968652
0.138932806241151 -12.893149430462794
0.1513592890920047 -11.352265556956935
0.1637857719428584 -9.811381683451074
0.17621225479371208 -8.270497809945223
0.18863873764456582 -6.72961393643936
0.20106522049541947 -5.188730062933505
0.2134917033462732 -3.647846189427643
0.2259181861971269 -2.1069623159217876
0.23834466904798057 -0.5660784424159289
0.25077115189883425 0.9748054310899299
0.26319763474968805 2.515689304595792
0.2756241176005417 4.056573178101647
0.014667977732614051 -25.220220418509662
0.027094460583467747 -23.679336545003803
0.03952094343432144 -22.138452671497944
0.05194742628517514 -20.59756879799209
0.06437390913602883 -19.05668492448623
0.07680039198688254 -17.51580105098037
0.08922687483773623 -15.974917177474515
0.10165335768858992 -14.434033303968656
0.11407984053944363 -12.893149430462797
0.12650632339029733 -11.352265556956938
0.138932806241151 -9.81138168345108
0.15135928909200472 -8.270497809945219
0.1637857719428584 -6.7296139364393674
0.17621225479371214 -5.188730062933505
0.1886387376445658 -3.64784618942765
0.20106522049541953 -2.1069623159217876
0.2134917033462732 -0.5660784424159324
0.2259181861971269 0.9748054310899263
0.2383446690479806 2.515689304595785
0.25077115189883437 4.056573178101647
0.263197634749688 5.597457051607503
0.002241494881760356 -23.679336545003807
0.014667977732614053 -22.138452671497948
0.02709446058346775 -20.59756879799209
0.03952094343432144 -19.056684924486234
0.051947426285175145 -17.515801050980375
0.06437390913602883 -15.974917177474516
0.07680039198688253 -14.43403330396866
0.08922687483773623 -12.8931494304628
0.10165335768858993 -11.352265556956942
0.11407984053944363 -9.811381683451083
0.12650632339029733 -8.270497809945224
0.138932806241151 -6.729613936439364
0.1513592890920047 -5.188730062933512
0.16378577194285843 -3.64784618942765
0.1762122547937121 -2.1069623159217947
0.18863873764456585 -0.5660784424159324
0.20106522049541953 0.9748054310899228
0.2134917033462732 2.5156893045957816
0.2259181861971269 4.05657317810164
0.23834466904798063 5.597457051607503
0.2507711518988343 7.138340925113358
-0.010184987969093326 -22.138452671497948
0.0022414948817603714 -20.59756879799209
0.014667977732614069 -19.05668492448623
0.02709446058346776 -17.515801050980375
0.039520943434321464 -15.974917177474516
0.05194742628517516 -14.434033303968658
0.06437390913602885 -12.8931494304628
0.07680039198688254 -11.352265556956942
0.08922687483773625 -9.811381683451083
0.10165335768858995 -8.270497809945224
0.11407984053944364 -6.729613936439366
0.12650632339029733 -5.188730062933505
0.138932806241151 -3.6478461894276535
0.15135928909200475 -2.106962315921791
0.16378577194285843 -0.566078442415936
0.17621225479371216 0.9748054310899263
0.18863873764456585 2.5156893045957816
0.20106522049541953 4.05657317810164
0.2134917033462732 5.597457051607499
0.22591818619712695 7.138340925113361
0.23834466904798063 8.679224798619217
-0.022611470819947035 -20.597568797992086
-0.010184987969093338 -19.056684924486227
0.0022414948817603593 -17.515801050980368
0.014667977732614051 -15.974917177474513
0.027094460583467754 -14.434033303968654
0.03952094343432145 -12.893149430462795
0.05194742628517514 -11.352265556956938
0.06437390913602883 -9.81138168345108
0.07680039198688254 -8.27049780994522
0.08922687483773624 -6.729613936439362
0.10165335768858993 -5.188730062933503
0.11407984053944363 -3.647846189427643
0.12650632339029733 -2.106962315921791
0.13893280624115106 -0.5660784424159289
0.1513592890920047 0.9748054310899263
0.16378577194285843 2.5156893045957887
0.1762122547937121 4.056573178101644
0.1886387376445658 5.597457051607503
0.20106522049541953 7.138340925113361
0.21349170334627326 8.679224798619224
0.2259181861971269 10.220108672125079
-0.035037953670800745 -19.05668492448623
-0.02261147081994705 -17.51580105098037
-0.01018498796909335 -15.974917177474515
0.002241494881760342 -14.434033303968658
0.014667977732614045 -12.893149430462799
0.02709446058346774 -11.35226555695694
0.03952094343432143 -9.811381683451083
0.051947426285175125 -8.270497809945224
0.06437390913602883 -6.729613936439366
0.07680039198688253 -5.188730062933507
0.08922687483773623 -3.647846189427648
0.10165335768858992 -2.1069623159217876
0.1140798405394436 -0.566078442415936
0.12650632339029733 0.9748054310899263
0.138932806241151 2.5156893045957816
0.15135928909200475 4.056573178101644
0.16378577194285843 5.597457051607499
0.1762122547937121 7.138340925113358
0.1886387376445658 8.679224798619217
0.20106522049541953 10.220108672125079
0.2134917033462732 11.760992545630934
-0.0474644365216544 -17.515801050980375
-0.0350379536708007 -15.974917177474516
-0.022611470819947004 -14.43403330396866
-0.010184987969093312 -12.893149430462802
0.0022414948817603905 -11.352265556956944
0.014667977732614086 -9.811381683451085
0.027094460583467775 -8.270497809945228
0.03952094343432147 -6.729613936439369
0.05194742628517518 -5.1887300629335105
0.06437390913602888 -3.6478461894276517
0.07680039198688257 -2.106962315921793
0.08922687483773627 -0.5660784424159324
0.10165335768858995 0.9748054310899192
0.11407984053944369 2.5156893045957816
0.12650632339029733 4.056573178101637
0.13893280624115106 5.597457051607499
0.15135928909200475 7.138340925113354
0.16378577194285843 8.679224798619213
0.17621225479371216 10.220108672125072
0.1886387376445659 11.760992545630934
0.20106522049541953 13.30187641913679
-0.059890919372508136 -15.974917177474513
-0.04746443652165444 -14.434033303968654
-0.035037953670800745 -12.893149430462797
-0.02261147081994705 -11.35226555695694
-0.010184987969093347 -9.811381683451081
0.002241494881760349 -8.270497809945223
0.014667977732614038 -6.729613936439366
0.027094460583467733 -5.188730062933507
0.03952094343432144 -3.647846189427648
0.05194742628517514 -2.1069623159217894
0.06437390913602883 -0.5660784424159306
0.07680039198688253 0.9748054310899299
0.08922687483773621 2.5156893045957816
0.10165335768858995 4.056573178101644
0.1140798405394436 5.597457051607499
0.12650632339029733 7.138340925113361
0.138932806241151 8.679224798619217
0.1513592890920047 10.220108672125075
0.16378577194285843 11.760992545630934
0.17621225479371216 13.301876419136796
0.1886387376445658 14.842760292642652
-0.07231740222336182 -14.434033303968658
-0.05989091937250812 -12.893149430462799
-0.04746443652165443 -11.352265556956942
-0.03503795367080073 -9.811381683451085
-0.02261147081994703 -8.270497809945226
-0.010184987969093333 -6.729613936439367
0.002241494881760356 -5.1887300629335105
0.014667977732614051 -3.6478461894276517
0.02709446058346776 -2.106962315921793
0.03952094343432146 -0.5660784424159342
0.05194742628517515 0.9748054310899246
0.06437390913602885 2.515689304595785
0.07680039198688253 4.056573178101637
0.08922687483773627 5.597457051607499
0.10165335768858992 7.138340925113354
0.11407984053944366 8.679224798619217
0.12650632339029733 10.220108672125072
0.138932806241151 11.76099254563093
0.15135928909200475 13.30187641913679
0.16378577194285848 14.842760292642652
0.1762122547937121 16.383644166148507
-0.0847438850742155 -12.893149430462799
-0.0723174022233618 -11.35226555695694
-0.05989091937250811 -9.811381683451083
-0.04746443652165441 -8.270497809945226
-0.03503795367080071 -6.729613936439367
-0.022611470819947015 -5.188730062933508
-0.010184987969093326 -3.6478461894276517
0.0022414948817603697 -2.106962315921793
0.01466797773261408 -0.5660784424159342
0.027094460583467775 0.9748054310899246
0.03952094343432147 2.5156893045957833
0.051947426285175166 4.056573178101644
0.06437390913602885 5.5974570516074955
0.07680039198688259 7.138340925113358
0.08922687483773624 8.679224798619213
0.10165335768858998 10.220108672125075
0.11407984053944366 11.76099254563093
0.12650632339029733 13.30187641913679
0.13893280624115106 14.842760292642648
0.1513592890920048 16.38364416614851
0.16378577194285843 17.924528039654366
-0.09717036792506918 -11.352265556956944
-0.08474388507421549 -9.811381683451085
-0.07231740222336179 -8.270497809945228
-0.059890919372508095 -6.72961393643937
-0.04746443652165439 -5.188730062933511
-0.035037953670800696 -3.6478461894276526
-0.022611470819947008 -2.1069623159217965
-0.010184987969093312 -0.5660784424159377
0.0022414948817603975 0.974805431089921
0.014667977732614093 2.5156893045957798
0.02709446058346779 4.0565731781016385
0.039520943434321484 5.597457051607499
0.051947426285175166 7.138340925113351
0.0643739091360289 8.679224798619213
0.07680039198688256 10.220108672125068
0.0892268748377363 11.76099254563093
0.10165335768858998 13.301876419136786
0.11407984053944366 14.842760292642645
0.12650632339029738 16.383644166148503
0.13893280624115112 17.924528039654366
0.15135928909200475 19.46541191316022
-0.10959685077592289 -9.811381683451085
-0.0971703679250692 -8.270497809945226
-0.0847438850742155 -6.729613936439369
-0.0723174022233618 -5.188730062933511
-0.0598909193725081 -3.6478461894276526
-0.047464436521654406 -2.106962315921794
-0.03503795367080072 -0.5660784424159377
-0.02261147081994702 0.974805431089921
-0.010184987969093312 2.5156893045957798
0.0022414948817603836 4.0565731781016385
0.01466797773261408 5.597457051607497
0.027094460583467775 7.138340925113358
0.03952094343432146 8.67922479861921
0.051947426285175194 10.220108672125072
0.06437390913602885 11.760992545630927
0.07680039198688259 13.30187641913679
0.08922687483773627 14.842760292642645
0.10165335768858995 16.383644166148503
0.11407984053944366 17.924528039654362
0.12650632339029738 19.465411913160224
0.13893280624115106 21.00629578666608
-0.12202333362677657 -8.270497809945226
-0.10959685077592288 -6.729613936439368
-0.09717036792506918 -5.1887300629335105
-0.08474388507421549 -3.6478461894276526
-0.07231740222336178 -2.106962315921794
-0.05989091937250809 -0.5660784424159351
-0.0474644365216544 0.974805431089921
-0.0350379536708007 2.5156893045957798
-0.022611470819946994 4.0565731781016385
-0.010184987969093298 5.597457051607497
0.0022414948817603975 7.138340925113356
0.014667977732614093 8.679224798619217
0.027094460583467775 10.220108672125068
0.03952094343432151 11.76099254563093
0.051947426285175166 13.301876419136786
0.0643739091360289 14.842760292642648
0.07680039198688259 16.383644166148503
0.08922687483773627 17.924528039654362
0.10165335768858998 19.46541191316022
0.11407984053944371 21.006295786666083
0.12650632339029738 22.54717966017194
-0.13444981647763027 -6.729613936439371
-0.12202333362677657 -5.188730062933513
-0.10959685077592288 -3.647846189427655
-0.09717036792506918 -2.1069623159217974
-0.08474388507421549 -0.5660784424159386
-0.07231740222336178 0.9748054310899201
-0.059890919372508095 2.515689304595776
-0.0474644365216544 4.056573178101635
-0.03503795367080069 5.597457051607494
-0.022611470819946994 7.1383409251133525
-0.010184987969093298 8.679224798619211
0.0022414948817603975 10.220108672125072
0.01466797773261408 11.760992545630923
0.027094460583467816 13.301876419136786
0.03952094343432147 14.842760292642641
0.05194742628517521 16.383644166148503
0.06437390913602889 17.92452803965436
0.07680039198688257 19.465411913160217
0.08922687483773628 21.006295786666076
0.10165335768859002 22.54717966017194
0.11407984053944367 24.088063533677794
