0.4163354847566486 -14.113128364368471
0.4380413115944087 -13.179777810344788
0.4597471384321688 -12.246427256321104
0.48145296526992887 -11.313076702297419
0.503158792107689 -10.379726148273736
0.5248646189454491 -9.446375594250052
0.5465704457832091 -8.513025040226367
0.5682762726209692 -7.579674486202684
0.5899820994587293 -6.646323932179001
0.6116879262964894 -5.712973378155317
0.6333937531342495 -4.779622824131632
0.6550995799720096 -3.8462722701079493
0.6768054068097697 -2.9129217160842646
0.6985112336475298 -1.9795711620605818
0.7202170604852899 -1.0462206080368972
0.7419228873230499 -0.11287005401321437
0.76362871416081 0.8204805000104685
0.7853345409985701 1.7538310540341548
0.8070403678363303 2.6871816080578377
0.8287461946740904 3.6205321620815205
0.8504520215118504 4.553882716105207
0.39462965791888854 -13.179777810344788
0.4163354847566486 -12.246427256321105
0.43804131159440873 -11.31307670229742
0.4597471384321688 -10.379726148273736
0.48145296526992887 -9.446375594250053
0.503158792107689 -8.513025040226369
0.5248646189454491 -7.579674486202685
0.5465704457832092 -6.646323932179001
0.5682762726209692 -5.7129733781553185
0.5899820994587294 -4.779622824131634
0.6116879262964894 -3.8462722701079493
0.6333937531342495 -2.9129217160842664
0.6550995799720096 -1.9795711620605818
0.6768054068097697 -1.046220608036899
0.6985112336475299 -0.11287005401321437
0.7202170604852899 0.8204805000104685
0.7419228873230499 1.7538310540341513
0.76362871416081 2.6871816080578377
0.7853345409985701 3.6205321620815205
0.8070403678363303 4.553882716105203
0.8287461946740904 5.48723327012889
0.3729238310811284 -12.246427256321104
0.3946296579188885 -11.313076702297419
0.4163354847566486 -10.379726148273736
0.4380413115944087 -9.446375594250052
0.45974713843216874 -8.513025040226369
0.48145296526992887 -7.579674486202684
0.503158792107689 -6.646323932179
0.5248646189454491 -5.712973378155317
0.5465704457832091 -4.779622824131634
0.5682762726209692 -3.8462722701079493
0.5899820994587293 -2.9129217160842646
0.6116879262964894 -1.9795711620605818
0.6333937531342495 -1.0462206080368972
0.6550995799720096 -0.11287005401321437
0.6768054068097697 0.8204805000104702
0.6985112336475298 1.753831054034153
0.7202170604852898 2.687181608057836
0.7419228873230499 3.6205321620815223
0.76362871416081 4.553882716105205
0.7853345409985701 5.487233270128888
0.8070403678363303 6.420583824152574
0.35121800424336835 -11.313076702297419
0.3729238310811284 -10.379726148273736
0.39462965791888854 -9.446375594250052
0.4163354847566486 -8.513025040226367
0.43804131159440873 -7.579674486202684
0.4597471384321688 -6.6463239321789995
0.48145296526992887 -5.712973378155316
0.503158792107689 -4.779622824131632
0.5248646189454491 -3.8462722701079493
0.5465704457832092 -2.9129217160842646
0.5682762726209692 -1.97957116206058
0.5899820994587293 -1.0462206080368972
0.6116879262964894 -0.1128700540132126
0.6333937531342495 0.8204805000104702
0.6550995799720096 1.7538310540341548
0.6768054068097697 2.6871816080578377
0.6985112336475298 3.6205321620815205
0.7202170604852899 4.553882716105207
0.74192288732305 5.48723327012889
0.76362871416081 6.420583824152573
0.7853345409985701 7.353934378176259
0.32951217740560823 -10.379726148273736
0.3512180042433683 -9.446375594250053
0.3729238310811284 -8.513025040226369
0.3946296579188885 -7.579674486202684
0.4163354847566486 -6.646323932179001
0.4380413115944087 -5.712973378155317
0.45974713843216874 -4.779622824131633
0.48145296526992887 -3.8462722701079493
0.503158792107689 -2.9129217160842664
0.5248646189454491 -1.9795711620605818
0.5465704457832091 -1.0462206080368972
0.5682762726209691 -0.11287005401321437
0.5899820994587293 0.8204805000104702
0.6116879262964894 1.753831054034153
0.6333937531342495 2.6871816080578377
0.6550995799720096 3.6205321620815205
0.6768054068097696 4.553882716105203
0.6985112336475298 5.48723327012889
0.7202170604852899 6.420583824152573
0.7419228873230499 7.353934378176255
0.76362871416081 8.287284932199942
0.30780635056784816 -9.446375594250052
0.32951217740560823 -8.513025040226367
0.35121800424336835 -7.579674486202684
0.3729238310811284 -6.6463239321789995
0.3946296579188885 -5.712973378155317
0.4163354847566486 -4.779622824131632
0.43804131159440873 -3.8462722701079484
0.4597471384321688 -2.9129217160842646
0.48145296526992887 -1.9795711620605818
0.503158792107689 -1.0462206080368972
0.5248646189454491 -0.1128700540132126
0.5465704457832091 0.8204805000104702
0.5682762726209692 1.7538310540341548
0.5899820994587293 2.6871816080578377
0.6116879262964894 3.6205321620815223
0.6333937531342495 4.553882716105205
0.6550995799720096 5.487233270128888
0.6768054068097697 6.420583824152574
0.6985112336475299 7.353934378176257
0.7202170604852899 8.28728493219994
0.7419228873230499 9.220635486223626
0.2861005237300881 -8.513025040226367
0.30780635056784816 -7.579674486202683
0.3295121774056083 -6.6463239321789995
0.35121800424336835 -5.712973378155315
0.3729238310811285 -4.779622824131632
0.39462965791888854 -3.8462722701079475
0.4163354847566486 -2.9129217160842638
0.43804131159440873 -1.97957116206058
0.4597471384321688 -1.0462206080368972
0.4814529652699289 -0.1128700540132126
0.503158792107689 0.820480500010472
0.5248646189454491 1.7538310540341548
0.5465704457832092 2.6871816080578395
0.5682762726209692 3.6205321620815223
0.5899820994587294 4.553882716105207
0.6116879262964894 5.48723327012889
0.6333937531342495 6.420583824152573
0.6550995799720096 7.353934378176259
0.6768054068097697 8.287284932199942
0.6985112336475299 9.220635486223625
0.7202170604852899 10.153986040247311
0.264394696892328 -7.579674486202684
0.28610052373008804 -6.646323932179
0.30780635056784816 -5.712973378155317
0.32951217740560823 -4.779622824131632
0.35121800424336835 -3.8462722701079493
0.3729238310811284 -2.9129217160842646
0.3946296579188885 -1.979571162060581
0.4163354847566486 -1.0462206080368972
0.4380413115944087 -0.11287005401321437
0.4597471384321688 0.8204805000104702
0.48145296526992887 1.7538310540341548
0.503158792107689 2.6871816080578377
0.5248646189454491 3.6205321620815223
0.5465704457832091 4.553882716105205
0.5682762726209692 5.48723327012889
0.5899820994587293 6.420583824152573
0.6116879262964894 7.353934378176255
0.6333937531342495 8.287284932199942
0.6550995799720096 9.220635486223625
0.6768054068097697 10.153986040247307
0.6985112336475298 11.087336594270994
0.2426888700545679 -6.646323932179001
0.264394696892328 -5.712973378155318
0.2861005237300881 -4.779622824131634
0.30780635056784816 -3.8462722701079497
0.32951217740560823 -2.9129217160842664
0.35121800424336835 -1.9795711620605818
0.3729238310811285 -1.046220608036898
0.39462965791888854 -0.11287005401321437
0.4163354847566486 0.8204805000104685
0.43804131159440873 1.753831054034153
0.4597471384321688 2.6871816080578377
0.48145296526992887 3.6205321620815205
0.503158792107689 4.553882716105205
0.5248646189454491 5.487233270128888
0.5465704457832092 6.420583824152573
0.5682762726209692 7.353934378176255
0.5899820994587293 8.287284932199938
0.6116879262964894 9.220635486223625
0.6333937531342495 10.153986040247307
0.6550995799720096 11.08733659427099
0.6768054068097697 12.020687148294677
0.22098304321680778 -5.712973378155317
0.24268887005456788 -4.779622824131633
0.264394696892328 -3.8462722701079493
0.28610052373008804 -2.912921716084265
0.3078063505678481 -1.9795711620605818
0.32951217740560823 -1.0462206080368972
0.35121800424336835 -0.11287005401321348
0.3729238310811284 0.8204805000104702
0.3946296579188885 1.753831054034153
0.4163354847566486 2.6871816080578377
0.4380413115944087 3.6205321620815223
0.45974713843216874 4.553882716105205
0.48145296526992887 5.48723327012889
0.503158792107689 6.420583824152573
0.5248646189454491 7.353934378176257
0.5465704457832091 8.28728493219994
0.5682762726209691 9.220635486223623
0.5899820994587293 10.15398604024731
0.6116879262964894 11.087336594270992
0.6333937531342495 12.020687148294675
0.6550995799720096 12.954037702318361
0.19927721637904772 -4.779622824131632
0.2209830432168078 -3.8462722701079484
0.2426888700545679 -2.9129217160842646
0.264394696892328 -1.9795711620605805
0.2861005237300881 -1.0462206080368972
0.30780635056784816 -0.1128700540132126
0.32951217740560823 0.8204805000104711
0.35121800424336835 1.7538310540341548
0.3729238310811284 2.6871816080578377
0.39462965791888854 3.6205321620815223
0.4163354847566486 4.553882716105207
0.4380413115944087 5.48723327012889
0.4597471384321688 6.420583824152574
0.48145296526992887 7.353934378176257
0.503158792107689 8.287284932199942
0.5248646189454491 9.220635486223625
0.5465704457832091 10.153986040247307
0.5682762726209692 11.087336594270994
0.5899820994587294 12.020687148294677
0.6116879262964894 12.95403770231836
0.6333937531342495 13.887388256342046
0.17757138954128765 -3.8462722701079493
0.19927721637904774 -2.9129217160842655
0.22098304321680784 -1.9795711620605818
0.2426888700545679 -1.0462206080368976
0.264394696892328 -0.11287005401321437
0.2861005237300881 0.8204805000104702
0.3078063505678482 1.753831054034154
0.3295121774056083 2.6871816080578377
0.35121800424336835 3.6205321620815205
0.3729238310811285 4.553882716105205
0.39462965791888854 5.48723327012889
0.4163354847566486 6.420583824152573
0.43804131159440873 7.353934378176257
0.4597471384321688 8.28728493219994
0.4814529652699289 9.220635486223625
0.503158792107689 10.153986040247307
0.5248646189454491 11.08733659427099
0.5465704457832092 12.020687148294677
0.5682762726209694 12.95403770231836
0.5899820994587294 13.887388256342042
0.6116879262964894 14.820738810365729
0.15586556270352753 -2.9129217160842646
0.17757138954128762 -1.979571162060581
0.19927721637904772 -1.0462206080368972
0.22098304321680778 -0.11287005401321304
0.24268887005456788 0.8204805000104702
0.264394696892328 1.7538310540341548
0.2861005237300881 2.6871816080578386
0.30780635056784816 3.6205321620815223
0.32951217740560823 4.553882716105205
0.35121800424336835 5.48723327012889
0.3729238310811284 6.420583824152574
0.3946296579188885 7.353934378176257
0.4163354847566486 8.287284932199942
0.4380413115944087 9.220635486223625
0.4597471384321688 10.15398604024731
0.48145296526992887 11.087336594270992
0.503158792107689 12.020687148294675
0.5248646189454491 12.954037702318361
0.5465704457832092 13.887388256342044
0.5682762726209692 14.820738810365727
0.5899820994587293 15.754089364389413
0.13415973586576746 -1.9795711620605818
0.15586556270352755 -1.046220608036898
0.17757138954128765 -0.11287005401321437
0.19927721637904772 0.8204805000104698
0.2209830432168078 1.753831054034153
0.2426888700545679 2.6871816080578377
0.264394696892328 3.6205321620815214
0.2861005237300881 4.553882716105205
0.30780635056784816 5.487233270128888
0.3295121774056083 6.420583824152573
0.35121800424336835 7.353934378176257
0.3729238310811284 8.28728493219994
0.39462965791888854 9.220635486223625
0.4163354847566486 10.153986040247307
0.43804131159440873 11.087336594270992
0.4597471384321688 12.020687148294675
0.48145296526992887 12.954037702318358
0.503158792107689 13.887388256342044
0.5248646189454491 14.820738810365727
0.5465704457832092 15.75408936438941
0.5682762726209692 16.687439918413098
0.11245390902800734 -1.0462206080368972
0.13415973586576743 -0.11287005401321348
0.15586556270352753 0.8204805000104702
0.1775713895412876 1.7538310540341544
0.1992772163790477 2.6871816080578377
0.22098304321680778 3.6205321620815223
0.24268887005456788 4.553882716105206
0.264394696892328 5.48723327012889
0.28610052373008804 6.420583824152573
0.30780635056784816 7.353934378176257
0.32951217740560823 8.287284932199942
0.3512180042433683 9.220635486223625
0.3729238310811284 10.15398604024731
0.3946296579188885 11.087336594270992
0.4163354847566486 12.020687148294677
0.4380413115944087 12.95403770231836
0.45974713843216874 13.887388256342042
0.48145296526992887 14.820738810365729
0.503158792107689 15.754089364389412
0.5248646189454491 16.687439918413094
0.5465704457832091 17.62079047243678
0.09074808219024727 -0.11287005401321437
0.11245390902800736 0.8204805000104693
0.13415973586576746 1.753831054034153
0.15586556270352753 2.6871816080578372
0.17757138954128762 3.6205321620815205
0.19927721637904772 4.553882716105205
0.2209830432168078 5.487233270128889
0.2426888700545679 6.420583824152573
0.264394696892328 7.353934378176255
0.2861005237300881 8.28728493219994
0.30780635056784816 9.220635486223625
0.32951217740560823 10.153986040247307
0.35121800424336835 11.087336594270992
0.3729238310811284 12.020687148294675
0.39462965791888854 12.95403770231836
0.4163354847566486 13.887388256342042
0.4380413115944087 14.820738810365725
0.4597471384321688 15.754089364389412
0.4814529652699289 16.687439918413094
0.503158792107689 17.620790472436777
0.5248646189454491 18.554141026460464
0.0690422553524872 0.8204805000104685
0.0907480821902473 1.7538310540341522
0.11245390902800738 2.687181608057836
0.13415973586576746 3.62053216208152
0.15586556270352755 4.553882716105203
0.17757138954128765 5.487233270128888
0.19927721637904774 6.420583824152572
0.22098304321680784 7.353934378176255
0.2426888700545679 8.287284932199938
0.26439469689232803 9.220635486223623
0.2861005237300881 10.153986040247307
0.30780635056784816 11.08733659427099
0.3295121774056083 12.020687148294675
0.35121800424336835 12.954037702318358
0.3729238310811285 13.887388256342042
0.39462965791888854 14.820738810365725
0.4163354847566486 15.754089364389408
0.43804131159440873 16.687439918413094
0.45974713843216886 17.620790472436777
0.4814529652699289 18.55414102646046
0.503158792107689 19.487491580484146
0.04733642851472708 1.7538310540341548
0.06904225535248718 2.6871816080578386
0.09074808219024726 3.6205321620815223
0.11245390902800735 4.553882716105207
0.13415973586576743 5.48723327012889
0.15586556270352753 6.420583824152574
0.17757138954128762 7.353934378176258
0.19927721637904772 8.287284932199942
0.22098304321680778 9.220635486223625
0.2426888700545679 10.15398604024731
0.264394696892328 11.087336594270994
0.28610052373008804 12.020687148294677
0.30780635056784816 12.954037702318361
0.32951217740560823 13.887388256342044
0.35121800424336835 14.820738810365729
0.3729238310811284 15.754089364389412
0.3946296579188885 16.687439918413094
0.4163354847566486 17.62079047243678
0.43804131159440873 18.554141026460464
0.4597471384321688 19.487491580484146
0.48145296526992887 20.420842134507833
0.025630601676966958 2.6871816080578377
0.047336428514727046 3.6205321620815214
0.06904225535248713 4.553882716105205
0.09074808219024723 5.48723327012889
0.11245390902800731 6.420583824152573
0.1341597358657674 7.353934378176257
0.1558655627035275 8.287284932199942
0.1775713895412876 9.220635486223625
0.19927721637904766 10.153986040247307
0.22098304321680778 11.087336594270992
0.24268887005456785 12.020687148294677
0.2643946968923279 12.95403770231836
0.28610052373008804 13.887388256342044
0.3078063505678481 14.820738810365727
0.32951217740560823 15.754089364389412
0.3512180042433683 16.687439918413094
0.37292383108112837 17.620790472436777
0.3946296579188885 18.554141026460464
0.4163354847566486 19.487491580484146
0.4380413115944087 20.42084213450783
0.45974713843216874 21.354192688531516
0.00392477483920689 3.6205321620815205
0.02563060167696698 4.553882716105204
0.047336428514727066 5.487233270128888
0.06904225535248716 6.420583824152573
0.09074808219024724 7.353934378176255
0.11245390902800734 8.28728493219994
0.13415973586576743 9.220635486223625
0.15586556270352753 10.153986040247307
0.1775713895412876 11.08733659427099
0.19927721637904772 12.020687148294675
0.22098304321680778 12.95403770231836
0.24268887005456785 13.887388256342042
0.264394696892328 14.820738810365727
0.28610052373008804 15.75408936438941
0.30780635056784816 16.687439918413094
0.32951217740560823 17.620790472436777
0.3512180042433683 18.55414102646046
0.3729238310811284 19.487491580484146
0.39462965791888854 20.42084213450783
0.4163354847566486 21.354192688531512
0.4380413115944087 22.2875432425552
-0.017781051998553177 4.553882716105207
0.003924774839206911 5.487233270128891
0.025630601676967 6.420583824152574
0.047336428514727094 7.353934378176259
0.06904225535248718 8.287284932199942
0.09074808219024727 9.220635486223626
0.11245390902800736 10.153986040247311
0.13415973586576746 11.087336594270994
0.15586556270352753 12.020687148294677
0.17757138954128765 12.954037702318361
0.19927721637904772 13.887388256342046
0.22098304321680778 14.820738810365729
0.2426888700545679 15.754089364389413
0.264394696892328 16.687439918413098
0.2861005237300881 17.62079047243678
0.30780635056784816 18.554141026460464
0.32951217740560823 19.487491580484146
0.35121800424336835 20.420842134507833
0.3729238310811285 21.354192688531516
0.39462965791888854 22.2875432425552
0.4163354847566486 23.220893796578885
