0.4740307016634788 -13.945366332898782
0.49955445234303497 -12.949940056396093
0.5250782030225911 -11.954513779893402
0.5506019537021473 -10.959087503390712
0.5761257043817034 -9.963661226888021
0.6016494550612596 -8.968234950385334
0.6271732057408157 -7.972808673882643
0.6526969564203718 -6.977382397379953
0.678220707099928 -5.981956120877262
0.7037444577794841 -4.986529844374575
0.7292682084590403 -3.9911035678718836
0.7547919591385965 -2.9956772913691925
0.7803157098181526 -2.000251014866503
0.8058394604977088 -1.004824738363812
0.8313632111772649 -0.009398461861124474
0.856886961856821 0.9860278146415649
0.8824107125363772 1.9814540911442577
0.9079344632159334 2.976880367646949
0.9334582138954894 3.972306644149633
0.9589819645750456 4.967732920652324
0.9845057152546017 5.963159197155015
0.4490048027249024 -12.944330375355724
0.47452855340445854 -11.948904098853035
0.5000523040840147 -10.953477822350344
0.5255760547635708 -9.958051545847654
0.551099805443127 -8.962625269344965
0.5766235561226831 -7.967198992842275
0.6021473068022393 -6.971772716339585
0.6276710574817954 -5.976346439836895
0.6531948081613516 -4.980920163334204
0.6787185588409077 -3.9854938868315166
0.7042423095204638 -2.9900676103288255
0.72976606020002 -1.9946413338261344
0.7552898108795761 -0.9992150573234451
0.7808135615591323 -0.0037887808207539564
0.8063373122386884 0.9916374956819336
0.8318610629182446 1.987063772184623
0.8573848135978008 2.982490048687316
0.8829085642773569 3.977916325190007
0.908432314956913 4.973342601692691
0.9339560656364692 5.968768878195382
0.9594798163160253 6.964195154698073
0.42397890378632597 -11.943294417812666
0.4495026544658821 -10.947868141309977
0.47502640514543826 -9.952441864807286
0.5005501558249944 -8.957015588304596
0.5260739065045505 -7.961589311801906
0.5515976571841067 -6.966163035299217
0.5771214078636628 -5.9707367587965265
0.602645158543219 -4.975310482293837
0.6281689092227751 -3.979884205791146
0.6536926599023313 -2.9844579292884585
0.6792164105818874 -1.9890316527857674
0.7047401612614437 -0.9936053762830763
0.7302639119409997 0.0018209002196130086
0.755787662620556 0.9972471767223041
0.781311413300112 1.9926734532249917
0.8068351639796681 2.988099729727681
0.8323589146592243 3.983526006230374
0.8578826653387805 4.978952282733065
0.8834064160183366 5.974378559235749
0.9089301666978927 6.96980483573844
0.9344539173774489 7.965231112241131
0.3989530048477495 -10.94225846026961
0.4244767555273056 -9.94683218376692
0.4500005062068618 -8.95140590726423
0.4755242568864179 -7.95597963076154
0.5010480075659741 -6.96055335425885
0.5265717582455303 -5.9651270777561605
0.5520955089250863 -4.96970080125347
0.5776192596046426 -3.974274524750781
0.6031430102841987 -2.97884824824809
0.6286667609637548 -1.9834219717454022
0.6541905116433109 -0.9879956952427111
0.6797142623228671 0.007430581259979974
0.7052380130024232 1.0028568577626693
0.7307617636819794 1.9982831342653604
0.7562855143615355 2.993709410768048
0.7818092650410917 3.9891356872707373
0.8073330157206479 4.98456196377343
0.832856766400204 5.979988240276121
0.85838051707976 6.975414516778805
0.8839042677593163 7.970840793281496
0.9094280184388723 8.966267069784188
0.37392710590917305 -9.94122250272655
0.3994508565887292 -8.94579622622386
0.42497460726828534 -7.9503699497211695
0.4504983579478415 -6.95494367321848
0.47602210862739763 -5.95951739671579
0.5015458593069537 -4.964091120213101
0.52706960998651 -3.9686648437104104
0.552593360666066 -2.973238567207721
0.5781171113456223 -1.97781229070503
0.6036408620251783 -0.9823860142023424
0.6291646127047346 0.013040262300348715
0.6546883633842907 1.0084665388030398
0.6802121140638469 2.003892815305729
0.705735864743403 2.9993190918084203
0.7312596154229591 3.994745368311108
0.7567833661025152 4.990171644813797
0.7823071167820714 5.98559792131649
0.8078308674616276 6.981024197819181
0.8333546181411837 7.976450474321865
0.8588783688207398 8.971876750824556
0.884402119500296 9.967303027327247
0.34890120697059657 -8.940186545183494
0.3744249576501527 -7.944760268680803
0.39994870832970886 -6.949333992178113
0.425472459009265 -5.953907715675424
0.45099620968882115 -4.958481439172734
0.4765199603683773 -3.9630551626700443
0.5020437110479334 -2.967628886167354
0.5275674617274896 -1.9722026096646648
0.5530912124070457 -0.9767763331619737
0.5786149630866019 0.018649943340713904
0.604138713766158 1.014076219843405
0.6296624644457143 2.009502496346096
0.6551862151252703 3.0049287728487855
0.6807099658048266 4.000355049351477
0.7062337164843826 4.995781325854164
0.7317574671639387 5.9912076023568535
0.7572812178434949 6.986633878859546
0.7828049685230511 7.9820601553622375
0.8083287192026072 8.977486431864921
0.8338524698821633 9.972912708367613
0.8593762205617195 10.968338984870304
0.32387530803202014 -7.9391505876404365
0.3493990587115763 -6.943724311137746
0.37492280939113243 -5.948298034635057
0.4004465600706886 -4.952871758132367
0.4259703107502447 -3.9574454816296765
0.45149406142980086 -2.962019205126987
0.477017812109357 -1.966592928624297
0.5025415627889132 -0.9711666521216076
0.5280653134684693 0.024259624381083533
0.5535890641480254 1.019685900883771
0.5791128148275816 2.015112177386462
0.6046365655071377 3.0105384538891533
0.6301603161866939 4.005964730391843
0.65568406686625 5.001391006894534
0.6812078175458062 5.996817283397221
0.7067315682253623 6.992243559899911
0.7322553189049186 7.9876698364026035
0.7577790695844746 8.983096112905294
0.7833028202640308 9.978522389407978
0.8088265709435869 10.973948665910669
0.834350321623143 11.96937494241336
0.2988494090934437 -6.9381146300973775
0.32437315977299985 -5.942688353594687
0.349896910452556 -4.947262077091997
0.37542066113211214 -3.9518358005893077
0.4009444118116683 -2.9564095240866175
0.42646816249122443 -1.9609832475839282
0.4519919131707806 -0.965556971081238
0.4775156638503367 0.029869305421451386
0.5030394145298929 1.0252955819241425
0.528563165209449 2.02072185842683
0.5540869158890052 3.016148134929521
0.5796106665685614 4.011574411432212
0.6051344172481175 5.007000687934902
0.6306581679276737 6.002426964437593
0.6561819186072297 6.99785324094028
0.6817056692867859 7.99327951744297
0.707229419966342 8.988705793945662
0.7327531706458983 9.984132070448354
0.7582769213254543 10.979558346951038
0.7838006720050105 11.974984623453729
0.8093244226845666 12.97041089995642
0.2738235101548673 -5.937078672554319
0.2993472608344234 -4.941652396051629
0.32487101151397957 -3.9462261195489394
0.3503947621935357 -2.9507998430462496
0.37591851287309186 -1.9553735665435594
0.401442263552648 -0.9599472900408701
0.42696601423220415 0.03547898646182013
0.4524897649117603 1.0309052629645095
0.47801351559131644 2.0263315394672006
0.5035372662708726 3.021757815969888
0.5290610169504287 4.017184092472579
0.5545847676299849 5.01261036897527
0.580108518309541 6.00803664547796
0.6056322689890972 7.003462921980651
0.6311560196686533 7.998889198483338
0.6566797703482095 8.994315474986028
0.6822035210277657 9.98974175148872
0.7077272717073217 10.985168027991412
0.7332510223868779 11.980594304494096
0.758774773066434 12.976020580996787
0.7842985237459902 13.971446857499478
0.24879761121629082 -4.936042715011261
0.274321361895847 -3.940616438508571
0.29984511257540314 -2.9451901620058814
0.3253688632549593 -1.9497638855031916
0.35089261393451543 -0.9543376090005014
0.3764163646140716 0.04108866750218798
0.4019401152936277 1.0365149440048782
0.42746386597318387 2.0319412205075675
0.45298761665274 3.0273674970102586
0.47851136733229616 4.022793773512946
0.5040351180118523 5.018220050015637
0.5295588686914084 6.013646326518328
0.5550826193709646 7.009072603021018
0.5806063700505207 8.004498879523709
0.6061301207300769 8.999925156026396
0.631653871409633 9.995351432529086
0.6571776220891892 10.990777709031779
0.6827013727687453 11.98620398553447
0.7082251234483015 12.981630262037154
0.7337488741278576 13.977056538539845
0.7592726248074138 14.972482815042536
0.22377171227771436 -3.9350067574682033
0.2492954629572705 -2.939580480965513
0.27481921363682665 -1.9441542044628233
0.3003429643163828 -0.9487279279601335
0.32586671499593894 0.04669834854255672
0.3513904656754951 1.042124625045246
0.37691421635505123 2.0375509015479363
0.4024379670346074 3.0329771780506256
0.4279617177141636 4.028403454553317
0.45348546839371967 5.023829731056004
0.4790092190732758 6.019256007558695
0.504532969752832 7.0146822840613865
0.530056720432388 8.010108560564076
0.5555804711119443 9.005534837066767
0.5811042217915003 10.000961113569454
0.6066279724710566 10.996387390072144
0.6321517231506127 11.991813666574837
0.6576754738301689 12.987239943077528
0.6831992245097249 13.982666219580212
0.7087229751892812 14.978092496082903
0.7342467258688372 15.973518772585594
0.19874581333913793 -2.933970799925147
0.22426956401869408 -1.938544523422457
0.24979331469825022 -0.943118246919767
0.27531706537780637 0.0523080295829228
0.3008408160573625 1.047734306085613
0.32636456673691866 2.0431605825883024
0.3518883174164748 3.0385868590909926
0.37741206809603095 4.034013135593682
0.40293581877558715 5.029439412096373
0.42845956945514324 6.024865688599061
0.4539833201346994 7.020291965101752
0.4795070708142556 8.015718241604443
0.5050308214938117 9.011144518107132
0.5305545721733679 10.006570794609823
0.556078322852924 11.00199707111251
0.5816020735324801 11.9974233476152
0.6071258242120363 12.992849624117893
0.6326495748915925 13.988275900620584
0.6581733255711486 14.983702177123268
0.6836970762507046 15.97912845362596
0.7092208269302609 16.974554730128652
0.1737199144005615 -1.9329348423820907
0.19924366508011765 -0.9375085658794007
0.2247674157596738 0.05791771062328932
0.25029116643922994 1.053343987125979
0.2758149171187861 2.0487702636286693
0.30133866779834223 3.0441965401313587
0.3268624184778984 4.039622816634049
0.3523861691574545 5.035049093136738
0.3779099198370107 6.030475369639429
0.4034336705165668 7.025901646142117
0.42895742119612296 8.021327922644808
0.45448117187567916 9.016754199147499
0.48000492255523525 10.012180475650188
0.5055286732347914 11.00760675215288
0.5310524239143475 12.003033028655567
0.5565761745939037 12.998459305158256
0.5820999252734599 13.99388558166095
0.607623675953016 14.98931185816364
0.6331474266325721 15.984738134666324
0.6586711773121283 16.980164411169014
0.6841949279916844 17.975590687671705
0.14869401546198507 -0.9318988848390326
0.17421776614154122 0.0635273916636574
0.19974151682109736 1.0589536681663474
0.2252652675006535 2.054379944669037
0.25078901818020966 3.0498062211717274
0.2763127688597658 4.045232497674417
0.30183651953932195 5.040658774177107
0.3273602702188781 6.036085050679796
0.3528840208984343 7.031511327182487
0.3784077715779904 8.026937603685175
0.4039315222575465 9.022363880187866
0.42945527293710273 10.017790156690557
0.4549790236166588 11.013216433193247
0.480502774296215 12.008642709695938
0.5060265249757712 13.004068986198625
0.5315502756553272 13.999495262701315
0.5570740263348835 14.994921539204007
0.5825977770144396 15.990347815706698
0.6081215276939957 16.985774092209383
0.6336452783735518 17.981200368712074
0.659169029053108 18.976626645214765
0.12366811652340859 0.06913707270402725
0.14919186720296473 1.0645633492067172
0.17471561788252088 2.0599896257094072
0.20023936856207702 3.055415902212097
0.22576311924163317 4.050842178714787
0.2512868699211893 5.046268455217477
0.27681062060074546 6.041694731720167
0.3023343712803016 7.037121008222856
0.32785812195985775 8.032547284725547
0.3533818726394139 9.027973561228235
0.37890562331897004 10.023399837730926
0.40442937399852624 11.018826114233617
0.42995312467808233 12.014252390736306
0.45547687535763853 13.009678667238997
0.4810006260371946 14.005104943741685
0.5065243767167508 15.000531220244374
0.5320481273963069 15.995957496747067
0.5575718780758632 16.99138377324976
0.5830956287554192 17.986810049752442
0.6086193794349753 18.982236326255133
0.6341431301145315 19.977662602757825
0.0986422175848321 1.0701730302470853
0.12416596826438825 2.0655993067497755
0.1496897189439444 3.0610255832524653
0.17521346962350054 4.056451859755155
0.20073722030305668 5.051878136257845
0.22626097098261283 6.047304412760535
0.251784721662169 7.042730689263225
0.2773084723417251 8.038156965765914
0.3028322230212813 9.033583242268605
0.3283559737008374 10.029009518771293
0.35387972438039356 11.024435795273984
0.37940347505994976 12.019862071776675
0.40492722573950585 13.015288348279364
0.43045097641906205 14.010714624782056
0.45597472709861814 15.006140901284743
0.4814984777781743 16.001567177787432
0.5070222284577305 16.996993454290127
0.5325459791372866 17.992419730792818
0.5580697298168427 18.987846007295502
0.5835934804963989 19.983272283798193
0.609117231175955 20.978698560300884
0.07361631864625573 2.0712089877901434
0.09914006932581187 3.0666352642928336
0.12466382000536802 4.062061540795524
0.15018757068492417 5.057487817298213
0.1757113213644803 6.052914093800903
0.20123507204403646 7.048340370303593
0.2267588227235926 8.043766646806283
0.25228257340314875 9.039192923308972
0.2778063240827049 10.034619199811663
0.30333007476226104 11.030045476314351
0.3288538254418172 12.025471752817042
0.3543775761213734 13.020898029319733
0.3799013268009295 14.016324305822423
0.4054250774804857 15.011750582325114
0.43094882816004176 16.0071768588278
0.4564725788395979 17.00260313533049
0.4819963295191541 17.998029411833183
0.5075200801987103 18.993455688335874
0.5330438308782663 19.98888196483856
0.5585675815578225 20.98430824134125
0.5840913322373786 21.97973451784394
0.048590419707679244 3.0722449453331997
0.07411417038723539 4.06767122183589
0.09963792106679153 5.06309749833858
0.12516167174634768 6.0585237748412695
0.15068542242590383 7.05395005134396
0.17620917310545997 8.049376327846648
0.20173292378501612 9.04480260434934
0.22725667446457226 10.040228880852029
0.25278042514412846 11.03565515735472
0.27830417582368455 12.031081433857407
0.3038279265032407 13.026507710360098
0.3293516771827969 14.02193398686279
0.354875427862353 15.017360263365479
0.3803991785419092 16.01278653986817
0.4059229292214653 17.008212816370857
0.4314466799010214 18.00363909287355
0.4569704305805776 18.99906536937624
0.48249418126013377 19.99449164587893
0.5080179319396898 20.989917922381615
0.5335416826192461 21.985344198884306
0.5590654332988021 22.980770475386997
0.023564520769102815 4.0732809028762595
0.04908827144865896 5.06870717937895
0.0746120221282151 6.06413345588164
0.10013577280777125 7.059559732384329
0.1256595234873274 8.05498600888702
0.15118327416688354 9.050412285389708
0.1767070248464397 10.045838561892399
0.20223077552599583 11.041264838395088
0.227754526205552 12.03669111489778
0.2532782768851081 13.032117391400467
0.27880202756466427 14.027543667903158
0.30432577824422047 15.02296994440585
0.32984952892377656 16.01839622090854
0.35537327960333276 17.01382249741123
0.38089703028288885 18.009248773913917
0.406420780962445 19.00467505041661
0.4319445316420012 20.0001013269193
0.45746828232155734 20.99552760342199
0.48299203300111343 21.990953879924675
0.5085157836806695 22.986380156427366
0.5340395343602258 23.981806432930057
-0.001461378169473615 5.074316860419316
0.024062372510082534 6.069743136922006
0.04958612318963868 7.065169413424696
0.07510987386919482 8.060595689927386
0.10063362454875098 9.056021966430077
0.1261573752283071 10.051448242932764
0.15168112590786326 11.046874519435455
0.1772048765874194 12.042300795938145
0.20272862726697558 13.037727072440836
0.2282523779465317 14.033153348943523
0.25377612862608784 15.028579625446215
0.27929987930564404 16.024005901948904
0.30482362998520013 17.019432178451595
0.33034738066475633 18.014858454954286
0.3558711313443124 19.010284731456974
0.38139488202386856 20.00571100795966
0.40691863270342477 21.001137284462356
0.4324423833829809 21.996563560965047
0.457966134062537 22.99198983746773
0.48348988474209315 23.987416113970422
0.5090136354216492 24.982842390473113
-0.0264872771080501 6.075352817962376
-9.635264284939514E-4 7.070779094465066
0.024560224251062197 8.066205370967756
0.050083974930618336 9.061631647470445
0.0756077256101745 10.057057923973137
0.10113147628973063 11.052484200475824
0.12665522696928677 12.047910476978515
0.15217897764884292 13.043336753481205
0.1777027283283991 14.038763029983896
0.2032264790079552 15.034189306486583
0.22875022968751135 16.029615582989273
0.25427398036706755 17.025041859491964
0.27979773104662364 18.020468135994655
0.30532148172617984 19.015894412497346
0.33084523240573593 20.011320689000033
0.3563689830852921 21.00674696550272
0.3818927337648483 22.002173242005416
0.4074164844444044 22.997599518508107
0.4329402351239605 23.99302579501079
0.45846398580351666 24.988452071513482
0.4839877364830728 25.983878348016173
