0.14303577227931735 -37.02764599435254
0.15046054870073103 -36.29259312863259
0.15788532512214468 -35.55754026291263
0.16531010154355835 -34.82248739719268
0.172734877964972 -34.08743453147273
0.18015965438638568 -33.35238166575277
0.18758443080779932 -32.61732880003282
0.195009207229213 -31.882275934312872
0.20243398365062665 -31.14722306859292
0.20985876007204032 -30.412170202872964
0.217283536493454 -29.677117337153014
0.22470831291486765 -28.942064471433063
0.2321330893362813 -28.20701160571311
0.23955786575769497 -27.471958739993156
0.24698264217910862 -26.736905874273205
0.2544074186005223 -26.00185300855325
0.26183219502193594 -25.266800142833297
0.2692569714433496 -24.531747277113347
0.2766817478647633 -23.796694411393393
0.28410652428617694 -23.06164154567344
0.2915313007075906 -22.32658867995349
0.2989560771290043 -21.591535814233538
0.3063808535504179 -20.856482948513584
0.3138056299718316 -20.121430082793633
0.32123040639324524 -19.38637721707368
0.32865518281465894 -18.651324351353725
0.3360799592360726 -17.91627148563377
0.3435047356574863 -17.18121861991382
0.3509295120788999 -16.44616575419387
0.3583542885003136 -15.711112888473917
0.36577906492172724 -14.976060022753963
0.3732038413431409 -14.241007157034012
0.3806286177645546 -13.505954291314058
0.3880533941859682 -12.770901425594108
0.3954781706073819 -12.03584855987415
0.4029029470287956 -11.3007956941542
0.41032772345020924 -10.565742828434246
0.4177524998716229 -9.830689962714295
0.42517727629303653 -9.095637096994341
0.43260205271445024 -8.360584231274387
0.4400268291358639 -7.625531365554437
0.13563298333868132 -36.289832229006166
0.143057759760095 -35.554779363286215
0.15048253618150864 -34.81972649756626
0.1579073126029223 -34.08467363184631
0.16533208902433597 -33.34962076612636
0.17275686544574964 -32.6145679004064
0.1801816418671633 -31.87951503468645
0.18760641828857694 -31.1444621689665
0.1950311947099906 -30.409409303246544
0.2024559711314043 -29.67435643752659
0.20988074755281794 -28.93930357180664
0.21730552397423158 -28.20425070608669
0.22473030039564526 -27.469197840366736
0.23215507681705894 -26.73414497464678
0.23957985323847258 -25.99909210892683
0.24700462965988626 -25.264039243206877
0.25442940608129994 -24.528986377486923
0.2618541825027136 -23.793933511766973
0.26927895892412723 -23.05888064604702
0.27670373534554094 -22.323827780327065
0.2841285117669546 -21.588774914607114
0.29155328818836823 -20.853722048887164
0.2989780646097819 -20.11866918316721
0.3064028410311955 -19.38361631744726
0.31382761745260923 -18.648563451727306
0.32125239387402293 -17.91351058600735
0.3286771702954365 -17.178457720287398
0.33610194671685023 -16.443404854567447
0.3435267231382638 -15.708351988847497
0.3509514995596775 -14.973299123127543
0.35837627598109123 -14.238246257407589
0.3658010524025048 -13.503193391687638
0.3732258288239185 -12.768140525967684
0.3806506052453322 -12.033087660247734
0.3880753816667458 -11.298034794527776
0.3955001580881595 -10.562981928807826
0.40292493450957323 -9.827929063087872
0.4103497109309868 -9.092876197367922
0.4177744873524005 -8.357823331647968
0.42519926377381423 -7.6227704659280136
0.4326240401952278 -6.887717600208063
0.12823019439804528 -35.5520184636598
0.13565497081945896 -34.81696559793985
0.1430797472408726 -34.08191273221989
0.15050452366228628 -33.34685986649994
0.15792930008369993 -32.61180700077999
0.1653540765051136 -31.876754135060036
0.17277885292652725 -31.141701269340082
0.18020362934794093 -30.40664840362013
0.18762840576935458 -29.671595537900178
0.19505318219076825 -28.936542672180224
0.20247795861218193 -28.201489806460273
0.20990273503359558 -27.466436940740323
0.21732751145500923 -26.73138407502037
0.2247522878764229 -25.996331209300415
0.23217706429783655 -25.261278343580464
0.23960184071925023 -24.52622547786051
0.24702661714066387 -23.791172612140556
0.2544513935620776 -23.056119746420606
0.2618761699834912 -22.321066880700652
0.2693009464049049 -21.586014014980698
0.2767257228263186 -20.850961149260748
0.28415049924773217 -20.115908283540797
0.2915752756691459 -19.380855417820843
0.2990000520905595 -18.645802552100893
0.30642482851197317 -17.91074968638094
0.31384960493338687 -17.175696820660985
0.3212743813548005 -16.44064395494103
0.32869915777621417 -15.70559108922108
0.3361239341976278 -14.97053822350113
0.34354871061904146 -14.235485357781176
0.35097348704045517 -13.500432492061222
0.3583982634618688 -12.765379626341272
0.36582303988328246 -12.030326760621318
0.37324781630469617 -11.295273894901367
0.3806725927261098 -10.56022102918141
0.3880973691475235 -9.82516816346146
0.39552214556893717 -9.090115297741505
0.4029469219903508 -8.355062432021555
0.41037169841176446 -7.620009566301601
0.41779647483317817 -6.884956700581647
0.4252212512545918 -6.149903834861696
0.12082740545740925 -34.814204698313425
0.12825218187882292 -34.079151832593475
0.13567695830023657 -33.34409896687352
0.14310173472165022 -32.60904610115357
0.1505265111430639 -31.873993235433616
0.15795128756447757 -31.138940369713662
0.16537606398589122 -30.403887503993708
0.17280084040730487 -29.668834638273758
0.18022561682871854 -28.933781772553804
0.18765039325013222 -28.19872890683385
0.19507516967154587 -27.4636760411139
0.20249994609295952 -26.72862317539395
0.2099247225143732 -25.993570309673995
0.21734949893578687 -25.25851744395404
0.22477427535720051 -24.52346457823409
0.2321990517786142 -23.788411712514137
0.23962382820002787 -23.053358846794183
0.24704860462144151 -22.318305981074232
0.2544733810428552 -21.583253115354278
0.2618981574642688 -20.848200249634324
0.2693229338856825 -20.113147383914374
0.27674771030709616 -19.378094518194423
0.2841724867285098 -18.64304165247447
0.2915972631499235 -17.90798878675452
0.2990220395713371 -17.172935921034565
0.3064468159927508 -16.43788305531461
0.3138715924141645 -15.702830189594657
0.32129636883557816 -14.967777323874706
0.3287211452569918 -14.232724458154756
0.33614592167840546 -13.497671592434802
0.3435706980998191 -12.762618726714848
0.3509954745212328 -12.027565860994898
0.35842025094264646 -11.292512995274944
0.3658450273640601 -10.557460129554993
0.3732698037854738 -9.822407263835036
0.3806945802068875 -9.087354398115085
0.3881193566283011 -8.352301532395131
0.3955441330497148 -7.617248666675181
0.4029689094711284 -6.882195800955227
0.4103936858925421 -6.147142935235273
0.4178184623139558 -5.4120900695153225
0.11342461651677321 -34.07639093296705
0.12084939293818688 -33.3413380672471
0.12827416935960054 -32.60628520152714
0.1356989457810142 -31.871232335807193
0.14312372220242786 -31.136179470087242
0.15054849862384154 -30.40112660436729
0.15797327504525518 -29.666073738647334
0.16539805146666886 -28.931020872927384
0.1728228278880825 -28.19596800720743
0.18024760430949618 -27.460915141487476
0.18767238073090986 -26.725862275767525
0.1950971571523235 -25.990809410047575
0.20252193357373716 -25.25575654432762
0.20994670999515083 -24.520703678607667
0.21737148641656448 -23.785650812887717
0.22479626283797816 -23.050597947167763
0.2322210392593918 -22.31554508144781
0.23964581568080548 -21.58049221572786
0.24707059210221916 -20.845439350007904
0.2544953685236328 -20.11038648428795
0.26192014494504645 -19.375333618568
0.26934492136646015 -18.64028075284805
0.27676969778787375 -17.905227887128095
0.28419447420928745 -17.170175021408145
0.2916192506307011 -16.43512215568819
0.2990440270521148 -15.700069289968237
0.30646880347352845 -14.965016424248283
0.31389357989494215 -14.229963558528333
0.32131835631635575 -13.494910692808382
0.32874313273776945 -12.759857827088428
0.3361679091591831 -12.024804961368474
0.34359268558059675 -11.289752095648524
0.35101746200201045 -10.55469922992857
0.35844223842342404 -9.81964636420862
0.36586701484483775 -9.084593498488662
0.37329179126625145 -8.349540632768711
0.3807165676876651 -7.614487767048757
0.38814134410907875 -6.879434901328807
0.3955661205304924 -6.144382035608853
0.4029908969519061 -5.409329169888899
0.41041567337331974 -4.674276304168949
0.10602182757613718 -33.338577167620684
0.11344660399755084 -32.603524301900734
0.1208713804189645 -31.86847143618078
0.12829615684037815 -31.133418570460826
0.13572093326179183 -30.398365704740876
0.1431457096832055 -29.66331283902092
0.15057048610461915 -28.928259973300968
0.1579952625260328 -28.193207107581017
0.16542003894744647 -27.458154241861063
0.17284481536886015 -26.72310137614111
0.1802695917902738 -25.98804851042116
0.18769436821168745 -25.25299564470121
0.19511914463310112 -24.517942778981254
0.2025439210545148 -23.7828899132613
0.20996869747592845 -23.04783704754135
0.21739347389734212 -22.312784181821396
0.2248182503187558 -21.577731316101442
0.23224302674016944 -20.84267845038149
0.23966780316158312 -20.107625584661537
0.24709257958299677 -19.372572718941584
0.25451735600441044 -18.637519853221633
0.2619421324258241 -17.902466987501683
0.26936690884723774 -17.16741412178173
0.2767916852686514 -16.432361256061778
0.2842164616900651 -15.697308390341824
0.2916412381114788 -14.96225552462187
0.2990660145328924 -14.227202658901916
0.3064907909543061 -13.492149793181966
0.3139155673757197 -12.757096927462015
0.3213403437971334 -12.022044061742061
0.3287651202185471 -11.286991196022107
0.3361898966399607 -10.551938330302157
0.3436146730613744 -9.816885464582203
0.35103944948278804 -9.081832598862253
0.3584642259042017 -8.346779733142295
0.3658890023256154 -7.611726867422345
0.3733137787470291 -6.876674001702391
0.3807385551684427 -6.14162113598244
0.3881633315898564 -5.406568270262486
0.3955881080112701 -4.671515404542532
0.4030128844326837 -3.936462538822582
0.09861903863550114 -32.60076340227431
0.1060438150569148 -31.865710536554356
0.11346859147832847 -31.130657670834406
0.12089336789974213 -30.395604805114452
0.1283181443211558 -29.6605519393945
0.13574292074256947 -28.925499073674548
0.14316769716398312 -28.190446207954594
0.1505924735853968 -27.455393342234643
0.15801725000681044 -26.72034047651469
0.16544202642822411 -25.985287610794735
0.1728668028496378 -25.250234745074785
0.18029157927105144 -24.515181879354834
0.1877163556924651 -23.78012901363488
0.19514113211387876 -23.045076147914926
0.2025659085352924 -22.310023282194976
0.2099906849567061 -21.574970416475022
0.21741546137811973 -20.839917550755068
0.2248402377995334 -20.104864685035118
0.23226501422094709 -19.369811819315164
0.23968979064236073 -18.63475895359521
0.2471145670637744 -17.89970608787526
0.25453934348518803 -17.16465322215531
0.26196411990660173 -16.429600356435355
0.2693888963280154 -15.694547490715404
0.27681367274942903 -14.95949462499545
0.28423844917084273 -14.224441759275496
0.2916632255922564 -13.489388893555542
0.29908800201367003 -12.754336027835592
0.3065127784350837 -12.019283162115642
0.3139375548564973 -11.284230296395688
0.32136233127791103 -10.549177430675734
0.3287871076993247 -9.814124564955783
0.3362118841207383 -9.07907169923583
0.34363666054215203 -8.344018833515879
0.3510614369635657 -7.608965967795921
0.3584862133849794 -6.873913102075971
0.365910989806393 -6.138860236356017
0.3733357662278067 -5.403807370636066
0.3807605426492203 -4.668754504916112
0.388185319070634 -3.9337016391961583
0.3956100954920477 -3.198648773476208
0.09121624969486511 -31.862949636927937
0.09864102611627877 -31.127896771207983
0.10606580253769243 -30.392843905488032
0.1134905789591061 -29.657791039768078
0.12091535538051976 -28.922738174048128
0.12834013180193343 -28.187685308328174
0.13576490822334708 -27.45263244260822
0.14318968464476073 -26.71757957688827
0.1506144610661744 -25.982526711168315
0.15803923748758808 -25.24747384544836
0.16546401390900173 -24.51242097972841
0.17288879033041538 -23.77736811400846
0.18031356675182905 -23.042315248288507
0.18773834317324273 -22.307262382568553
0.19516311959465638 -21.572209516848602
0.20258789601607005 -20.837156651128648
0.21001267243748373 -20.102103785408694
0.21743744885889738 -19.367050919688744
0.22486222528031105 -18.63199805396879
0.2322870017017247 -17.896945188248836
0.23971177812313837 -17.161892322528885
0.24713655454455202 -16.426839456808935
0.25456133096596567 -15.69178659108898
0.2619861073873794 -14.95673372536903
0.26941088380879297 -14.221680859649076
0.27683566023020667 -13.486627993929122
0.2842604366516204 -12.751575128209168
0.291685213073034 -12.016522262489218
0.29910998949444767 -11.281469396769268
0.3065347659158613 -10.546416531049314
0.31395954233727497 -9.81136366532936
0.32138431875868867 -9.07631079960941
0.3288090951801023 -8.341257933889455
0.33623387160151597 -7.606205068169505
0.34365864802292967 -6.871152202449547
0.3510834244443434 -6.136099336729597
0.35850820086575697 -5.401046471009643
0.36593297728717067 -4.665993605289692
0.37335775370858426 -3.9309407395697384
0.38078253012999796 -3.1958878738497845
0.38820730655141167 -2.460835008129834
0.08381346075422907 -31.125135871581566
0.09123823717564274 -30.390083005861612
0.0986630135970564 -29.655030140141662
0.10608779001847006 -28.919977274421708
0.11351256643988372 -28.184924408701757
0.1209373428612974 -27.449871542981803
0.12836211928271105 -26.714818677261853
0.13578689570412472 -25.9797658115419
0.14321167212553837 -25.244712945821945
0.15063644854695205 -24.509660080101995
0.15806122496836572 -23.77460721438204
0.16548600138977937 -23.039554348662087
0.17291077781119302 -22.304501482942136
0.1803355542326067 -21.569448617222182
0.18776033065402034 -20.83439575150223
0.19518510707543402 -20.099342885782278
0.20260988349684766 -19.364290020062327
0.21003465991826134 -18.62923715434237
0.21745943633967502 -17.89418428862242
0.22488421276108866 -17.15913142290247
0.23230898918250234 -16.424078557182515
0.239733765603916 -15.689025691462565
0.24715854202532964 -14.95397282574261
0.2545833184467433 -14.21891996002266
0.26200809486815696 -13.483867094302706
0.26943287128957066 -12.748814228582752
0.2768576477109843 -12.013761362862798
0.284282424132398 -11.278708497142848
0.2917072005538116 -10.543655631422897
0.2991319769752253 -9.808602765702943
0.30655675339663896 -9.07354989998299
0.3139815298180526 -8.338497034263039
0.3214063062394663 -7.603444168543085
0.3288310826608799 -6.8683913028231345
0.3362558590822936 -6.133338437103177
0.3436806355037073 -5.3982855713832265
0.35110541192512096 -4.6632327056632725
0.3585301883465346 -3.928179839943322
0.36595496476794825 -3.193126974223368
0.37337974118936196 -2.458074108503414
0.3808045176107756 -1.7230212427834637
0.07641067181359303 -30.387322106235196
0.08383544823500669 -29.652269240515242
0.09126022465642035 -28.91721637479529
0.09868500107783401 -28.182163509075338
0.10610977749924767 -27.447110643355387
0.11353455392066134 -26.712057777635433
0.120959330342075 -25.97700491191548
0.12838410676348866 -25.24195204619553
0.13580888318490233 -24.506899180475575
0.143233659606316 -23.77184631475562
0.15065843602772966 -23.03679344903567
0.1580832124491433 -22.30174058331572
0.16550798887055695 -21.566687717595766
0.17293276529197066 -20.831634851875812
0.1803575417133843 -20.09658198615586
0.18778231813479795 -19.361529120435907
0.19520709455621163 -18.626476254715953
0.2026318709776253 -17.891423388996003
0.21005664739903895 -17.15637052327605
0.2174814238204526 -16.421317657556095
0.2249062002418663 -15.686264791836145
0.23233097666327995 -14.951211926116194
0.2397557530846936 -14.21615906039624
0.24718052950610725 -13.48110619467629
0.2546053059275209 -12.746053328956336
0.2620300823489346 -12.011000463236382
0.26945485877034825 -11.275947597516428
0.27687963519176195 -10.540894731796477
0.28430441161317554 -9.805841866076527
0.29172918803458925 -9.070789000356573
0.2991539644560029 -8.335736134636619
0.30657874087741654 -7.600683268916669
0.31400351729883025 -6.865630403196715
0.3214282937202439 -6.130577537476764
0.32885307014165754 -5.395524671756807
0.33627784656307125 -4.660471806036856
0.3437026229844849 -3.925418940316902
0.35112739940589854 -3.1903660745969518
0.3585521758273122 -2.4553132088769978
0.3659769522487259 -1.7202603431570438
0.37340172867013954 -0.9852074774370934
0.069007882872957 -29.649508340888822
0.07643265929437067 -28.914455475168868
0.08385743571578433 -28.179402609448918
0.09128221213719799 -27.444349743728964
0.09870698855861165 -26.709296878009013
0.10613176498002533 -25.97424401228906
0.11355654140143898 -25.239191146569105
0.12098131782285264 -24.504138280849155
0.1284060942442663 -23.7690854151292
0.13583087066567998 -23.034032549409247
0.14325564708709365 -22.298979683689296
0.1506804235085073 -21.563926817969346
0.15810519992992095 -20.828873952249392
0.16552997635133462 -20.093821086529438
0.17295475277274827 -19.358768220809488
0.18037952919416195 -18.623715355089534
0.1878043056155756 -17.88866248936958
0.19522908203698927 -17.15360962364963
0.20265385845840295 -16.418556757929675
0.2100786348798166 -15.683503892209723
0.21750341130123027 -14.94845102648977
0.22492818772264392 -14.21339816076982
0.23235296414405757 -13.478345295049866
0.23977774056547124 -12.743292429329916
0.2472025169868849 -12.008239563609962
0.2546272934082986 -11.273186697890008
0.26205206982971224 -10.538133832170054
0.2694768462511259 -9.803080966450104
0.27690162267253954 -9.068028100730153
0.2843263990939532 -8.332975235010199
0.2917511755153669 -7.597922369290245
0.29917595193678054 -6.862869503570295
0.3066007283581942 -6.127816637850341
0.3140255047796079 -5.39276377213039
0.32145028120102154 -4.657710906410433
0.32887505762243524 -3.9226580406904823
0.3362998340438489 -3.1876051749705283
0.34372461046526254 -2.452552309250578
0.3511493868866762 -1.717499443530624
0.3585741633080899 -0.9824465778106699
0.36599893972950354 -0.24739371209071948
0.061605093932320956 -28.91169457554245
0.06902987035373462 -28.176641709822498
0.07645464677514828 -27.441588844102547
0.08387942319656194 -26.706535978382593
0.0913041996179756 -25.971483112662643
0.09872897603938927 -25.23643024694269
0.10615375246080293 -24.50137738122274
0.11357852888221659 -23.766324515502784
0.12100330530363027 -23.03127164978283
0.12842808172504394 -22.29621878406288
0.1358528581464576 -21.561165918342926
0.14327763456787124 -20.826113052622972
0.15070241098928489 -20.09106018690302
0.1581271874106986 -19.356007321183068
0.16555196383211224 -18.620954455463117
0.17297674025352588 -17.885901589743163
0.18040151667493956 -17.150848724023213
0.18782629309635324 -16.415795858303255
0.19525106951776688 -15.680742992583305
0.20267584593918053 -14.945690126863353
0.21010062236059424 -14.2106372611434
0.21752539878200788 -13.47558439542345
0.22495017520342153 -12.740531529703496
0.23237495162483518 -12.005478663983546
0.23979972804624883 -11.270425798263592
0.24722450446766253 -10.535372932543638
0.2546492808890762 -9.800320066823684
0.2620740573104899 -9.065267201103733
0.2694988337319035 -8.330214335383783
0.2769236101533172 -7.595161469663829
0.2843483865747308 -6.860108603943875
0.2917731629961445 -6.125055738223924
0.2991979394175582 -5.39000287250397
0.3066227158389718 -4.65495000678402
0.3140474922603855 -3.9198971410640624
0.3214722686817992 -3.184844275344112
0.3288970451032128 -2.449791409624158
0.3363218215246265 -1.7147385439042075
0.3437465979460401 -0.9796856781842536
0.3511713743674538 -0.24463281246429958
0.3585961507888675 0.49042005325565086
0.05420230499168492 -28.17388081019608
0.06162708141309858 -27.438827944476127
0.06905185783451225 -26.703775078756177
0.07647663425592591 -25.968722213036223
0.08390141067733957 -25.233669347316273
0.09132618709875323 -24.49861648159632
0.09875096352016689 -23.763563615876365
0.10617573994158055 -23.028510750156414
0.11360051636299423 -22.29345788443646
0.12102529278440789 -21.558405018716506
0.12845006920582155 -20.823352152996556
0.1358748456272352 -20.088299287276605
0.14329962204864888 -19.35324642155665
0.15072439847006253 -18.618193555836697
0.15814917489147617 -17.883140690116747
0.16557395131288988 -17.148087824396793
0.17299872773430353 -16.41303495867684
0.18042350415571717 -15.677982092956887
0.18784828057713088 -14.942929227236935
0.19527305699854453 -14.207876361516982
0.20269783341995817 -13.47282349579703
0.21012260984137182 -12.73777063007708
0.21754738626278547 -12.002717764357126
0.22497216268419917 -11.267664898637175
0.23239693910561282 -10.532612032917221
0.23982171552702652 -9.797559167197267
0.24724649194844017 -9.062506301477313
0.2546712683698538 -8.327453435757363
0.26209604479126747 -7.592400570037412
0.2695208212126811 -6.857347704317458
0.2769455976340948 -6.1222948385975045
0.28437037405550847 -5.387241972877554
0.2917951504769221 -4.6521891071576
0.29921992689833576 -3.9171362414376496
0.30664470331974947 -3.182083375717692
0.31406947974116317 -2.4470305099977416
0.3214942561625768 -1.7119776442777876
0.32891903258399047 -0.9769247785578372
0.3363438090054041 -0.24187191283788323
0.3437685854268178 0.49318095288207076
0.35119336184823147 1.2282338186020212
0.04679951605104889 -27.436067044849707
0.05422429247246255 -26.701014179129754
0.06164906889387621 -25.965961313409803
0.06907384531528987 -25.23090844768985
0.07649862173670353 -24.4958555819699
0.0839233981581172 -23.760802716249945
0.09134817457953086 -23.02574985052999
0.09877295100094452 -22.29069698481004
0.1061977274223582 -21.555644119090086
0.11362250384377186 -20.820591253370132
0.12104728026518552 -20.085538387650182
0.12847205668659917 -19.35048552193023
0.13589683310801282 -18.615432656210277
0.14332160952942652 -17.880379790490323
0.15074638595084017 -17.145326924770373
0.15817116237225382 -16.41027405905042
0.1655959387936675 -15.675221193330467
0.17302071521508117 -14.940168327610513
0.18044549163649481 -14.20511546189056
0.18787026805790846 -13.470062596170608
0.19529504447932217 -12.735009730450656
0.20271982090073581 -11.999956864730706
0.21014459732214946 -11.264903999010752
0.2175693737435631 -10.529851133290801
0.22499415016497676 -9.794798267570847
0.23241892658639046 -9.059745401850893
0.2398437030078041 -8.32469253613094
0.2472684794292178 -7.589639670410989
0.2546932558506314 -6.8545868046910385
0.2621180322720451 -6.1195339389710846
0.26954280869345876 -5.384481073251131
0.2769675851148724 -4.64942820753118
0.2843923615362861 -3.914375341811226
0.29181713795769976 -3.1793224760912757
0.2992419143791134 -2.444269610371318
0.3066666908005271 -1.7092167446513677
0.31409146722194076 -0.9741638789314138
0.3215162436433544 -0.23911101321146333
0.32894102006476805 0.49594185250849065
0.33636579648618176 1.2309947182284446
0.3437905729075954 1.966047583948395
0.039396727110412866 -26.698253279503337
0.04682150353182653 -25.963200413783383
0.05424627995324019 -25.228147548063433
0.06167105637465385 -24.49309468234348
0.06909583279606751 -23.75804181662353
0.07652060921748119 -23.022988950903574
0.08394538563889484 -22.287936085183624
0.0913701620603085 -21.55288321946367
0.09879493848172216 -20.817830353743716
0.10621971490313584 -20.082777488023765
0.1136444913245495 -19.34772462230381
0.12106926774596315 -18.612671756583858
0.1284940441673768 -17.877618890863907
0.13591882058879048 -17.142566025143953
0.14334359701020413 -16.407513159424003
0.1507683734316178 -15.672460293704049
0.15819314985303146 -14.937407427984096
0.16561792627444513 -14.202354562264143
0.1730427026958588 -13.46730169654419
0.18046747911727246 -12.732248830824238
0.18789225553868613 -11.997195965104286
0.19531703196009978 -11.262143099384335
0.20274180838151343 -10.527090233664381
0.2101665848029271 -9.792037367944431
0.21759136122434075 -9.056984502224477
0.22501613764575445 -8.321931636504523
0.2324409140671681 -7.586878770784569
0.23986569048858178 -6.851825905064619
0.2472904669099954 -6.116773039344668
0.25471524333140905 -5.381720173624714
0.26214001975282275 -4.64666730790476
0.2695647961742364 -3.91161444218481
0.27698957259565005 -3.176561576464856
0.28441434901706375 -2.4415087107449054
0.2918391254384774 -1.7064558450249478
0.2992639018598911 -0.9714029793049974
0.30668867828130475 -0.23635011358504343
0.3141134547027184 0.498702752134907
0.32153823112413205 1.233755617854861
0.32896300754554575 1.968808483574815
0.3363877839669594 2.7038613492947654
0.03199393816977683 -25.960439514156967
0.03941871459119049 -25.225386648437013
0.046843491012604155 -24.490333782717062
0.05426826743401782 -23.75528091699711
0.06169304385543148 -23.020228051277158
0.06911782027684515 -22.285175185557204
0.0765425966982588 -21.55012231983725
0.08396737311967246 -20.8150694541173
0.09139214954108613 -20.080016588397346
0.0988169259624998 -19.34496372267739
0.10624170238391346 -18.60991085695744
0.11366647880532711 -17.87485799123749
0.12109125522674077 -17.139805125517537
0.12851603164815445 -16.404752259797583
0.1359408080695681 -15.669699394077632
0.14336558449098177 -14.934646528357678
0.15079036091239545 -14.199593662637726
0.1582151373338091 -13.464540796917772
0.16563991375522277 -12.72948793119782
0.17306469017663642 -11.994435065477868
0.1804894665980501 -11.259382199757916
0.18791424301946374 -10.524329334037965
0.1953390194408774 -9.789276468318011
0.20276379586229107 -9.05422360259806
0.21018857228370472 -8.319170736878107
0.21761334870511842 -7.584117871158153
0.22503812512653207 -6.849065005438199
0.23246290154794574 -6.114012139718248
0.23988767796935936 -5.378959273998298
0.24731245439077304 -4.643906408278344
0.2547372308121867 -3.90885354255839
0.2621620072336004 -3.1738006768384395
0.26958678365501404 -2.4387478111184855
0.2770115600764277 -1.703694945398535
0.2844363364978414 -0.9686420796785775
0.2918611129192551 -0.23358921395862708
0.2992858893406687 0.5014636517613269
0.3067106657620824 1.2365165174812773
0.314135442183496 1.9715693832012313
0.3215602186049097 2.7066222489211853
0.3289849950263234 3.4416751146411357
0.024591149229140796 -25.222625748810593
0.03201592565055446 -24.48757288309064
0.03944070207196812 -23.75252001737069
0.04686547849338178 -23.017467151650735
0.054290254914795444 -22.282414285930784
0.06171503133620911 -21.54736142021083
0.06913980775762277 -20.812308554490876
0.07656458417903643 -20.077255688770926
0.08398936060045009 -19.34220282305097
0.09141413702186377 -18.607149957331018
0.09883891344327743 -17.872097091611067
0.10626368986469108 -17.137044225891117
0.11368846628610474 -16.401991360171163
0.12111324270751841 -15.666938494451209
0.12853801912893206 -14.931885628731258
0.13596279555034574 -14.196832763011304
0.1433875719717594 -13.461779897291352
0.15081234839317306 -12.726727031571398
0.15823712481458674 -11.991674165851446
0.1656619012360004 -11.256621300131494
0.17308667765741406 -10.521568434411542
0.1805114540788277 -9.786515568691591
0.18793623050024136 -9.051462702971637
0.19536100692165503 -8.316409837251687
0.20278578334306868 -7.581356971531733
0.21021055976448239 -6.846304105811779
0.21763533618589603 -6.111251240091825
0.2250601126073097 -5.376198374371874
0.23248488902872333 -4.641145508651924
0.239909665450137 -3.90609264293197
0.24733444187155068 -3.171039777212016
0.25475921829296433 -2.4359869114920656
0.26218399471437803 -1.7009340457721116
0.2696087711357916 -0.9658811800521612
0.27703354755720533 -0.23082831433220363
0.28445832397861903 0.5042245513877468
0.2918831004000327 1.2392774171077008
0.29930787682144633 1.9743302828276512
0.30673265324286 2.709383148547605
0.3141574296642737 3.444436014267559
0.3215822060856873 4.17948887998751
0.01718836028850476 -24.484811983464223
0.024613136709918423 -23.74975911774427
0.032037913131332085 -23.014706252024318
0.03946268955274575 -22.279653386304364
0.04688746597415941 -21.544600520584414
0.05431224239557308 -20.80954765486446
0.06173701881698673 -20.07449478914451
0.0691617952384004 -19.339441923424555
0.07658657165981406 -18.6043890577046
0.08401134808122773 -17.86933619198465
0.0914361245026414 -17.134283326264697
0.09886090092405504 -16.399230460544743
0.1062856773454687 -15.664177594824793
0.11371045376688238 -14.929124729104839
0.12113523018829603 -14.194071863384888
0.1285600066097097 -13.459018997664934
0.13598478303112338 -12.723966131944982
0.14340955945253703 -11.988913266225028
0.1508343358739507 -11.253860400505076
0.15825911229536435 -10.518807534785124
0.16568388871677803 -9.783754669065171
0.17310866513819168 -9.048701803345221
0.18053344155960532 -8.313648937625267
0.187958217981019 -7.5785960719053165
0.19538299440243265 -6.8435432061853625
0.20280777082384635 -6.1084903404654085
0.21023254724526 -5.3734374747454545
0.21765732366667367 -4.638384609025504
0.2250821000880873 -3.9033317433055537
0.23250687650950097 -3.1682788775855997
0.23993165293091465 -2.4332260118656457
0.2473564293523283 -1.6981731461456953
0.25478120577374197 -0.9631202804257413
0.2622059821951556 -0.22806741470579084
0.26963075861656927 0.5069854510141667
0.27705553503798297 1.2420383167341171
0.2844803114593967 1.9770911824540711
0.29190508788081027 2.7121440481740215
0.29932986430222397 3.4471969138939755
0.3067546407236377 4.1822497796139295
0.31417941714505127 4.91730264533388
0.009785571347868699 -23.74699821811785
0.01721034776928236 -23.011945352397895
0.024635124190696023 -22.276892486677944
0.032059900612109685 -21.54183962095799
0.03948467703352335 -20.80678675523804
0.046909453454937015 -20.071733889518086
0.05433422987635067 -19.336681023798135
0.06175900629776433 -18.60162815807818
0.069183782719178 -17.866575292358228
0.07660855914059167 -17.131522426638277
0.08403333556200533 -16.396469560918323
0.09145811198341898 -15.66141669519837
0.09888288840483264 -14.926363829478419
0.10630766482624632 -14.191310963758465
0.11373244124765997 -13.456258098038514
0.12115721766907364 -12.72120523231856
0.12858199409048732 -11.986152366598608
0.13600677051190097 -11.251099500878654
0.14343154693331464 -10.516046635158702
0.1508563233547283 -9.78099376943875
0.15828109977614196 -9.045940903718797
0.1657058761975556 -8.310888037998847
0.17313065261896926 -7.575835172278893
0.18055542904038294 -6.840782306558943
0.18798020546179658 -6.105729440838989
0.1954049818832103 -5.370676575119035
0.20282975830462394 -4.635623709399081
0.2102545347260376 -3.90057084367913
0.21767931114745123 -3.1655179779591798
0.2251040875688649 -2.430465112239226
0.23252886399027858 -1.6954122465192718
0.23995364041169223 -0.9603593807993214
0.2473784168331059 -0.2253065150793674
0.25480319325451956 0.509746350640583
0.2622279696759332 1.2447992163605406
0.2696527460973469 1.979852082080491
0.2770775225187606 2.714904947800445
0.2845022989401742 3.4499578135203954
0.2919270753615879 4.185010679240349
0.2993518517830016 4.920063544960303
0.3067766282044152 5.655116410680254
0.002382782407232664 -23.00918445277148
0.009807558828646326 -22.274131587051524
0.017232335250059988 -21.539078721331574
0.02465711167147365 -20.80402585561162
0.03208188809288731 -20.06897298989167
0.03950666451430098 -19.333920124171716
0.046931440935714636 -18.59886725845176
0.0543562173571283 -17.86381439273181
0.061780993778541966 -17.128761527011857
0.06920577019995564 -16.393708661291903
0.0766305466213693 -15.658655795571953
0.08405532304278295 -14.923602929852
0.09148009946419661 -14.188550064132048
0.09890487588561028 -13.453497198412094
0.10632965230702393 -12.718444332692144
0.1137544287284376 -11.98339146697219
0.12117920514985127 -11.248338601252238
0.12860398157126493 -10.513285735532284
0.1360287579926786 -9.778232869812332
0.14345353441409225 -9.04318000409238
0.15087831083550593 -8.308127138372427
0.15830308725691958 -7.573074272652477
0.16572786367833323 -6.838021406932523
0.1731526400997469 -6.102968541212572
0.18057741652116055 -5.367915675492618
0.18800219294257425 -4.632862809772664
0.1954269693639879 -3.8978099440527103
0.20285174578540158 -3.16275707833276
0.2102765222068152 -2.4277042126128094
0.21770129862822887 -1.6926513468928555
0.22512607504964255 -0.9575984811729015
0.2325508514710562 -0.22254561545295104
0.23997562789246987 0.512507250267003
0.24740040431388352 1.2475601159869534
0.2548251807352972 1.982612981706911
0.2622499571567109 2.7176658474268613
0.26967473357812455 3.4527187131468153
0.2770995099995382 4.187771578866766
0.28452428642095184 4.92282444458672
0.29194906284236555 5.657877310306674
0.2993738392637792 6.392930176026624
-0.005020006533403343 -22.271370687425105
0.00240476988801032 -21.53631782170515
0.009829546309423983 -20.8012649559852
0.017254322730837643 -20.066212090265246
0.024679099152251308 -19.331159224545296
0.032103875573664974 -18.59610635882534
0.03952865199507863 -17.861053493105388
0.04695342841649229 -17.126000627385437
0.05437820483790596 -16.390947761665483
0.06180298125931963 -15.655894895945531
0.06922775768073329 -14.920842030225579
0.07665253410214694 -14.185789164505627
0.0840773105235606 -13.450736298785674
0.09150208694497428 -12.71568343306572
0.09892686336638792 -11.98063056734577
0.1063516397878016 -11.245577701625816
0.11377641620921526 -10.510524835905864
0.12120119263062892 -9.77547197018591
0.1286259690520426 -9.040419104465958
0.13605074547345625 -8.305366238746005
0.14347552189486992 -7.570313373026053
0.15090029831628357 -6.835260507306103
0.15832507473769722 -6.100207641586149
0.1657498511591109 -5.365154775866198
0.17317462758052454 -4.630101910146244
0.18059940400193825 -3.8950490444262904
0.1880241804233519 -3.1599961787063364
0.19544895684476557 -2.424943312986386
0.2028737332661792 -1.6898904472664356
0.21029850968759287 -0.9548375815464816
0.21772328610900654 -0.2197847158265276
0.2251480625304202 0.5152681498934228
0.23257283895183387 1.2503210156133768
0.2399976153732475 1.9853738813333273
0.2474223917946612 2.720426747053285
0.2548471682160749 3.4554796127732352
0.26227194463748854 4.190532478493189
0.2696967210589022 4.92558534421314
0.27712149748031584 5.660638209933094
0.28454627390172954 6.395691075653048
0.2919710503231432 7.130743941372998
-0.012422795474039378 -21.533556922078738
-0.004998019052625715 -20.798504056358784
0.002426757368787948 -20.063451190638833
0.009851533790201608 -19.32839832491888
0.017276310211615273 -18.59334545919893
0.02470108663302894 -17.858292593478975
0.032125863054442594 -17.12323972775902
0.039550639475856256 -16.38818686203907
0.046975415897269925 -15.653133996319117
0.05440019231868359 -14.918081130599164
0.061824968740097255 -14.183028264879212
0.0692497451615109 -13.44797539915926
0.07667452158292457 -12.712922533439308
0.08409929800433824 -11.977869667719354
0.09152407442575189 -11.242816801999403
0.09894885084716556 -10.50776393627945
0.10637362726857923 -9.772711070559497
0.11379840368999289 -9.037658204839543
0.12122318011140656 -8.30260533911959
0.1286479565328202 -7.567552473399639
0.1360727329542339 -6.8324996076796864
0.14349750937564754 -6.097446741959736
0.15092228579706118 -5.362393876239782
0.15834706221847486 -4.627341010519832
0.1657718386398885 -3.8922881447998776
0.1731966150613022 -3.1572352790799236
0.18062139148271586 -2.4221824133599696
0.18804616790412954 -1.6871295476400192
0.19547094432554316 -0.9520766819200688
0.20289572074695683 -0.2170238162001148
0.2103204971683705 0.5180290495198392
0.21774527358978416 1.2530819152397896
0.22517005001119783 1.9881347809597436
0.23259482643261148 2.723187646679694
0.24001960285402515 3.4582405123996516
0.24744437927543886 4.193293378119602
0.25486915569685253 4.928346243839556
0.2622939321182661 5.663399109559506
0.26971870853967983 6.39845197527946
0.27714348496109353 7.133504840999414
0.2845682613825071 7.868557706719365
-0.01982558441467544 -20.795743156732364
-0.012400807993261778 -20.06069029101241
-0.0049760315718481146 -19.32563742529246
0.0024487448495655456 -18.590584559572505
0.009873521270979211 -17.855531693852555
0.017298297692392876 -17.1204788281326
0.02472307411380653 -16.385425962412647
0.03214785053522019 -15.650373096692697
0.03957262695663386 -14.915320230972743
0.04699740337804753 -14.18026736525279
0.05442217979946119 -13.445214499532838
0.06184695622087484 -12.710161633812886
0.0692717326422885 -11.975108768092934
0.07669650906370218 -11.24005590237298
0.08412128548511583 -10.50500303665303
0.0915460619065295 -9.769950170933075
0.09897083832794316 -9.034897305213123
0.10639561474935683 -8.29984443949317
0.1138203911707705 -7.564791573773217
0.12124516759218415 -6.829738708053265
0.12866994401359783 -6.094685842333313
0.13609472043501147 -5.359632976613362
0.14351949685642512 -4.624580110893408
0.1509442732778388 -3.8895272451734577
0.15836904969925245 -3.1544743794535037
0.16579382612066615 -2.4194215137335497
0.1732186025420798 -1.6843686480135958
0.18064337896349347 -0.9493157822936453
0.1880681553849071 -0.2142629165736949
0.19549293180632077 0.5207899491462591
0.20291770822773444 1.255842814866213
0.2103424846491481 1.9908956805861635
0.21776726107056177 2.7259485463061175
0.22519203749197542 3.461001412026068
0.2326168139133891 4.1960542777460255
0.2400415903348028 4.931107143465976
0.24746636675621644 5.66616000918593
0.25489114317763006 6.40121287490588
0.26231591959904377 7.136265740625834
0.26974069602045747 7.871318606345788
0.27716547244187106 8.606371472065739
-0.027228373355311475 -20.05792939138599
-0.019803596933897813 -19.322876525666036
-0.01237882051248415 -18.587823659946086
-0.004954044091070489 -17.85277079422613
0.002470732330343176 -17.11771792850618
0.009895508751756842 -16.382665062786227
0.017320285173170497 -15.647612197066275
0.02474506159458416 -14.912559331346323
0.03216983801599783 -14.177506465626369
0.039594614437411496 -13.442453599906417
0.04701939085882516 -12.707400734186464
0.054444167280238806 -11.972347868466512
0.06186894370165247 -11.23729500274656
0.06929372012306614 -10.502242137026606
0.07671849654447979 -9.767189271306655
0.08414327296589347 -9.032136405586701
0.09156804938730713 -8.29708353986675
0.09899282580872079 -7.562030674146795
0.10641760223013447 -6.826977808426843
0.11384237865154812 -6.091924942706891
0.12126715507296179 -5.356872076986939
0.12869193149437544 -4.621819211266988
0.1361167079157891 -3.8867663455470343
0.14354148433720276 -3.151713479827084
0.1509662607586164 -2.41666061410713
0.15839103718003011 -1.6816077483871759
0.16581581360144376 -0.9465548826672219
0.17324059002285744 -0.21150201694727144
0.18066536644427106 0.523550848772679
0.18809014286568473 1.258603714492633
0.1955149192870984 1.993656580212587
0.20293969570851206 2.7287094459325374
0.21036447212992573 3.4637623116524914
0.21778924855133938 4.198815177372442
0.22521402497275306 4.933868043092399
0.23263880139416676 5.66892090881235
0.2400635778155804 6.403973774532304
0.24748835423699406 7.139026640252254
0.2549131306584077 7.874079505972208
0.2623379070798214 8.609132371692162
0.26976268350123506 9.344185237412113
-0.03463116229594751 -19.32011562603962
-0.027206385874533848 -18.585062760319666
-0.019781609453120186 -17.850009894599715
-0.012356833031706524 -17.11495702887976
-0.0049320566102928586 -16.37990416315981
0.002492719811120807 -15.644851297439857
0.009917496232534462 -14.909798431719905
0.017342272653948124 -14.174745565999952
0.024767049075361793 -13.439692700279998
0.03219182549677546 -12.704639834560046
0.03961660191818912 -11.969586968840094
0.04704137833960277 -11.234534103120142
0.05446615476101643 -10.49948123740019
0.06189093118243011 -9.764428371680236
0.06931570760384376 -9.029375505960285
0.07674048402525743 -8.294322640240331
0.0841652604466711 -7.559269774520379
0.09159003686808476 -6.824216908800425
0.09901481328949843 -6.089164043080473
0.10643958971091208 -5.354111177360521
0.11386436613232576 -4.619058311640568
0.1212891425537394 -3.884005445920618
0.12871391897515305 -3.148952580200664
0.13613869539656673 -2.4138997144807135
0.14356347181798038 -1.6788468487607595
0.15098824823939408 -0.9437939830408055
0.15841302466080773 -0.20874111732085154
0.1658378010822214 0.5263117483990989
0.17326257750363502 1.2613646141190493
0.1806873539250487 1.9964174798390033
0.18811213034646238 2.7314703455589573
0.19553690676787602 3.4665232112789077
0.2029616831892897 4.201576076998862
0.21038645961070335 4.936628942718812
0.21781123603211702 5.67168180843877
0.22523601245353073 6.40673467415872
0.23266078887494437 7.141787539878674
0.24008556529635802 7.8768404055986245
0.24751034171777167 8.611893271318579
0.25493511813918535 9.346946137038532
0.26235989456059905 10.081999002758483
-0.042033951236583544 -18.58230186069325
-0.03460917481516988 -17.847248994973295
-0.02718439839375622 -17.112196129253345
-0.01975962197234256 -16.37714326353339
-0.012334845550928893 -15.642090397813439
-0.004910069129515228 -14.907037532093486
0.002514707291898427 -14.171984666373534
0.009939483713312089 -13.436931800653582
0.017364260134725758 -12.701878934933628
0.024789036556139427 -11.966826069213676
0.03221381297755309 -11.231773203493724
0.039638589398966736 -10.496720337773771
0.0470633658203804 -9.76166747205382
0.054488142241794074 -9.026614606333865
0.06191291866320772 -8.291561740613915
0.0693376950846214 -7.556508874893961
0.07676247150603506 -6.821456009174009
0.08418724792744872 -6.086403143454055
0.0916120243488624 -5.351350277734102
0.09903680077027605 -4.61629741201415
0.10646157719168972 -3.881244546294198
0.11388635361310337 -3.1461916805742476
0.12131113003451702 -2.4111388148542936
0.1287359064559307 -1.6760859491343432
0.13616068287734434 -0.9410330834143892
0.14358545929875804 -0.2059802176944352
0.1510102357201717 0.5290726480255188
0.15843501214158537 1.2641255137454692
0.165859788562999 1.9991783794654197
0.17328456498441266 2.7342312451853736
0.18070934140582634 3.4692841109053276
0.18813411782724 4.204336976625278
0.19555889424865366 4.939389842345232
0.2029836706700673 5.6744427080651825
0.210408447091481 6.40949557378514
0.2178332235128947 7.14454843950509
0.22525799993430834 7.879601305225044
0.232682776355722 8.614654170944995
0.24010755277713564 9.349707036664949
0.24753232919854934 10.084759902384903
0.254957105619963 10.819812768104853
-0.04943674017721958 -17.844488095346875
-0.04201196375580592 -17.10943522962692
-0.034587187334392255 -16.37438236390697
-0.027162410912978593 -15.639329498187017
-0.019737634491564928 -14.904276632467065
-0.012312858070151263 -14.169223766747113
-0.004888081648737608 -13.43417090102716
0.002536694772676054 -12.699118035307208
0.009961471194089723 -11.964065169587254
0.017386247615503392 -11.229012303867302
0.024811024036917054 -10.49395943814735
0.0322358004583307 -9.758906572427398
0.039660576879744364 -9.023853706707445
0.04708535330115804 -8.288800840987491
0.05451012972257169 -7.553747975267541
0.06193490614398536 -6.818695109547587
0.06935968256539903 -6.083642243827635
0.07678445898681269 -5.348589378107681
0.08420923540822636 -4.6135365123877285
0.09163401182964001 -3.8784836466677763
0.09905878825105369 -3.143430780947824
0.10648356467246733 -2.4083779152278737
0.11390834109388098 -1.6733250495079197
0.12133311751529466 -0.9382721837879693
0.1287578939367083 -0.2032193180680153
0.136182670358122 0.5318335476519387
0.14360744677953566 1.2668864133718927
0.15103222320094933 2.001939279091843
0.15845699962236295 2.7369921448117935
0.16588177604377663 3.4720450105317475
0.1733065524651903 4.2070978762517015
0.18073132888660395 4.942150741971652
0.18815610530801763 5.677203607691606
0.19558088172943128 6.412256473411556
0.20300565815084495 7.147309339131514
0.21043043457225866 7.882362204851464
0.2178552109936723 8.617415070571418
0.22527998741508595 9.352467936291369
0.2327047638364996 10.087520802011323
0.2401295402579133 10.822573667731277
0.24755431667932695 11.557626533451227
-0.056839529117855614 -17.106674330000505
-0.04941475269644195 -16.37162146428055
-0.04198997627502829 -15.6365685985606
-0.03456519985361463 -14.901515732840647
-0.027140423432200963 -14.166462867120694
-0.019715647010787297 -13.431410001400742
-0.012290870589373643 -12.69635713568079
-0.004866094167959981 -11.961304269960838
0.002558682253453688 -11.226251404240884
0.009983458674867357 -10.491198538520932
0.01740823509628102 -9.75614567280098
0.024833011517694667 -9.021092807081027
0.03225778793910833 -8.286039941361075
0.039682564360522005 -7.550987075641121
0.04710734078193565 -6.815934209921171
0.05453211720334933 -6.080881344201217
0.06195689362476299 -5.345828478481264
0.06938167004617665 -4.61077561276131
0.07680644646759033 -3.875722747041358
0.08423122288900398 -3.140669881321406
0.09165599931041765 -2.405617015601454
0.0990807757318313 -1.6705641498815034
0.10650555215324495 -0.9355112841615494
0.11393032857465862 -0.20045841844159895
0.12135510499607227 0.534594447278355
0.12877988141748598 1.269647312998309
0.13620465783889962 2.004700178718263
0.1436294342603133 2.7397530444382134
0.15105421068172692 3.474805910158164
0.1584789871031406 4.209858775878118
0.16590376352455427 4.944911641598072
0.17332853994596792 5.679964507318022
0.1807533163673816 6.415017373037976
0.18817809278879524 7.150070238757927
0.19560286921020892 7.885123104477884
0.20302764563162262 8.620175970197835
0.21045242205303627 9.355228835917789
0.21787719847444992 10.090281701637739
0.22530197489586357 10.825334567357693
0.23272675131727727 11.560387433077647
0.24015152773869092 12.295440298797597
-0.06424231805849162 -16.368860564654135
-0.05681754163707796 -15.633807698934183
-0.0493927652156643 -14.89875483321423
-0.041967988794250635 -14.163701967494276
-0.03454321237283697 -13.428649101774324
-0.027118435951423304 -12.693596236054372
-0.01969365953000965 -11.95854337033442
-0.012268883108595988 -11.223490504614468
-0.004844106687182319 -10.488437638894514
0.00258066973423135 -9.753384773174561
0.010005446155645012 -9.018331907454609
0.01743022257705866 -8.283279041734657
0.024854998998472322 -7.548226176014705
0.032279775419886 -6.813173310294751
0.039704551841299646 -6.0781204445748
0.04712932826271332 -5.343067578854846
0.05455410468412698 -4.608014713134894
0.061978881105540645 -3.87296184741494
0.06940365752695432 -3.137908981694988
0.07682843394836797 -2.4028561159750357
0.08425321036978164 -1.6678032502550835
0.09167798679119529 -0.932750384535133
0.09910276321260894 -0.19769751881517905
0.10652753963402262 0.5373553469047714
0.11395231605543626 1.2724082126247254
0.12137709247684997 2.0074610783446794
0.12880186889826362 2.7425139440646333
0.1362266453196773 3.4775668097845838
0.1436514217410909 4.212619675504534
0.1510761981625046 4.947672541224488
0.15850097458391826 5.682725406944442
0.1659257510053319 6.417778272664393
0.1733505274267456 7.152831138384347
0.18077530384815924 7.887884004104297
0.1882000802695729 8.622936869824255
0.19562485669098661 9.357989735544205
0.20304963311240026 10.093042601264159
0.2104744095338139 10.82809546698411
0.21789918595522756 11.563148332704063
0.22532396237664126 12.298201198424017
0.2327487387980549 13.033254064143968
-0.07164510699912766 -15.63104679930776
-0.064220330577714 -14.895993933587809
-0.05679555415630033 -14.160941067867856
-0.04937077773488667 -13.425888202147902
-0.04194600131347301 -12.69083533642795
-0.03452122489205934 -11.955782470707998
-0.027096448470645684 -11.220729604988046
-0.019671672049232022 -10.485676739268094
-0.012246895627818354 -9.75062387354814
-0.004822119206404685 -9.015571007828187
0.002602657215008977 -8.280518142108235
0.010027433636422625 -7.545465276388283
0.017452210057836287 -6.810412410668331
0.024876986479249963 -6.075359544948377
0.03230176290066361 -5.340306679228426
0.03972653932207729 -4.605253813508472
0.04715131574349095 -3.87020094778852
0.05457609216490461 -3.135148082068566
0.062000868586318286 -2.400095216348614
0.06942564500773193 -1.6650423506286618
0.07685042142914561 -0.9299894849087096
0.08427519785055926 -0.19493661918875915
0.0916999742719729 0.5401162465311948
0.09912475069338658 1.2751691122511453
0.10654952711480023 2.0102219779710992
0.11397430353621393 2.7452748436910532
0.12139907995762758 3.480327709411007
0.12882385637904126 4.215380575130958
0.13624863280045488 4.950433440850908
0.14367340922186855 5.685486306570862
0.15109818564328223 6.420539172290816
0.15852296206469588 7.1555920380107665
0.16594773848610955 7.8906449037307205
0.1733725149075232 8.625697769450671
0.18079729132893688 9.360750635170628
0.18822206775035058 10.095803500890579
0.19564684417176423 10.830856366610533
0.20307162059317788 11.565909232330483
0.21049639701459152 12.300962098050437
0.21792117343600523 13.036014963770391
0.22534594985741888 13.771067829490342
-0.07904789593976369 -14.89323303396139
-0.07162311951835003 -14.158180168241438
-0.06419834309693637 -13.423127302521486
-0.056773566675522705 -12.688074436801532
-0.04934879025410904 -11.95302157108158
-0.041924013832695374 -11.217968705361628
-0.03449923741128172 -10.482915839641676
-0.027074460989868057 -9.747862973921723
-0.01964968456845439 -9.01281010820177
-0.01222490814704072 -8.277757242481817
-0.004800131725627058 -7.542704376761865
0.0026246446957865904 -6.807651511041913
0.010049421117200252 -6.0725986453219605
0.017474197538613928 -5.3375457796020065
0.024898973960027576 -4.602492913882056
0.03232375038144125 -3.867440048162102
0.039748526802854914 -3.13238718244215
0.047173303224268576 -2.397334316722196
0.05459807964568225 -1.6622814510022437
0.0620228560670959 -0.9272285852822915
0.06944763248850958 -0.19217571956233925
0.07687240890992322 0.5428771461576112
0.08429718533133687 1.2779300118775652
0.09172196175275055 2.0129828775975156
0.0991467381741642 2.7480357433174696
0.1065715145955779 3.4830886090374236
0.11399629101699155 4.2181414747573776
0.12142106743840522 4.953194340477328
0.12884584385981884 5.688247206197278
0.13627062028123252 6.423300071917232
0.1436953967026462 7.158352937637186
0.15112017312405984 7.893405803357137
0.15854494954547352 8.62845866907709
0.16596972596688717 9.363511534797041
0.17339450238830084 10.098564400516999
0.18081927880971455 10.83361726623695
0.1882440552311282 11.568670131956903
0.19566883165254184 12.303722997676854
0.2030936080739555 13.038775863396808
0.2105183844953692 13.773828729116762
0.21794316091678284 14.508881594836712
-0.08645068488039973 -14.15541926861502
-0.07902590845898606 -13.420366402895068
-0.0716011320375724 -12.685313537175116
-0.06417635561615874 -11.950260671455162
-0.05675157919474508 -11.21520780573521
-0.04932680277333141 -10.480154940015257
-0.041902026351917754 -9.745102074295305
-0.03447724993050409 -9.010049208575353
-0.027052473509090423 -8.274996342855399
-0.019627697087676754 -7.539943477135447
-0.012202920666263092 -6.804890611415495
-0.004778144244849444 -6.069837745695542
0.0026466321765642176 -5.33478487997559
0.010071408597977893 -4.599732014255636
0.01749618501939154 -3.8646791485356857
0.024920961440805217 -3.1296262828157317
0.03234573786221888 -2.3945734170957795
0.03977051428363254 -1.6595205513758255
0.04719529070504622 -0.9244676856558733
0.054620067126459865 -0.18941481993592113
0.06204484354787354 0.5456380457840311
0.06946961996928719 1.2806909115039815
0.07689439639070084 2.0157437772239355
0.08431917281211451 2.750796642943886
0.09174394923352816 3.48584950866384
0.09916872565494186 4.220902374383794
0.10659350207635551 4.955955240103748
0.11401827849776919 5.691008105823698
0.12144305491918281 6.426060971543649
0.12886783134059648 7.161113837263603
0.13629260776201016 7.896166702983557
0.1437173841834238 8.631219568703507
0.15114216060483748 9.366272434423461
0.15856693702625113 10.101325300143412
0.1659917134476648 10.836378165863369
0.1734164898690785 11.57143103158332
0.18084126629049216 12.306483897303274
0.1882660427119058 13.041536763023224
0.19569081913331945 13.776589628743178
0.20311559555473316 14.511642494463132
0.2105403719761468 15.246695360183082
-0.09385347382103576 -13.41760550326865
-0.0864286973996221 -12.682552637548698
-0.07900392097820844 -11.947499771828745
-0.07157914455679477 -11.212446906108791
-0.06415436813538111 -10.47739404038884
-0.056729591713967444 -9.742341174668887
-0.04930481529255379 -9.007288308948935
-0.04188003887114013 -8.272235443228983
-0.03445526244972646 -7.5371825775090295
-0.02703048602831279 -6.802129711789076
-0.019605709606899127 -6.067076846069124
-0.012180933185485479 -5.332023980349172
-0.004756156764071817 -4.59697111462922
0.0026686196573418586 -3.861918248909266
0.010093396078755507 -3.1268653831893154
0.017518172500169182 -2.3918125174693614
0.024942948921582844 -1.6567596517494092
0.032367725342996506 -0.9217067860294552
0.03979250176441018 -0.186653920309503
0.04721727818582383 0.5483989454104492
0.054642054607237506 1.2834518111304014
0.062066831028651154 2.018504676850352
0.0694916074500648 2.753557542570306
0.07691638387147848 3.4886104082902563
0.08434116029289213 4.22366327401021
0.09176593671430583 4.958716139730164
0.09919071313571948 5.693769005450118
0.10661548955713315 6.428821871170069
0.11404026597854677 7.163874736890019
0.12146504239996045 7.898927602609973
0.12888981882137412 8.633980468329927
0.13631459524278777 9.369033334049877
0.14373937166420145 10.104086199769831
0.1511641480856151 10.839139065489782
0.15858892450702877 11.57419193120974
0.16601370092844248 12.30924479692969
0.17343847734985612 13.044297662649644
0.18086325377126977 13.779350528369594
0.18828803019268342 14.514403394089548
0.19571280661409712 15.249456259809502
0.20313758303551077 15.984509125529453
-0.1012562627616718 -12.679791737922276
-0.09383148634025813 -11.944738872202324
-0.08640670991884447 -11.209686006482372
-0.07898193349743081 -10.474633140762418
-0.07155715707601715 -9.739580275042465
-0.06413238065460347 -9.004527409322513
-0.05670760423318982 -8.269474543602561
-0.04928282781177616 -7.534421677882609
-0.04185805139036249 -6.799368812162656
-0.034433274968948824 -6.0643159464427026
-0.027008498547535162 -5.32926308072275
-0.019583722126121514 -4.594210215002798
-0.012158945704707852 -3.859157349282846
-0.004734169283294176 -3.124104483562892
0.002690607138119472 -2.3890516178429415
0.010115383559533148 -1.6539987521229875
0.01754015998094681 -0.9189458864030353
0.02496493640236047 -0.18389302068308133
0.03238971282377415 0.5511598450368709
0.039814489245187795 1.286212710756823
0.04723926566660147 2.0212655764767753
0.05466404208801512 2.7563184421967257
0.06208881850942877 3.4913713079166797
0.06951359493084244 4.22642417363663
0.07693837135225609 4.961477039356584
0.0843631477736698 5.696529905076538
0.09178792419508344 6.431582770796492
0.09921270061649712 7.1666356365164425
0.10663747703791074 7.901688502236393
0.11406225345932441 8.636741367956347
0.12148702988073809 9.371794233676301
0.12891180630215174 10.106847099396251
0.1363365827235654 10.841899965116205
0.14376135914497906 11.576952830836156
0.15118613556639274 12.312005696556113
0.15861091198780644 13.047058562276064
0.1660356884092201 13.782111427996018
0.17346046483063374 14.517164293715968
0.18088524125204739 15.252217159435922
0.1883100176734611 15.987270025155876
0.19573479409487474 16.722322890875827
-0.10865905170230783 -11.941977972575906
-0.10123427528089417 -11.206925106855953
-0.0938094988594805 -10.471872241136001
-0.08638472243806684 -9.736819375416047
-0.07895994601665318 -9.001766509696095
-0.0715351695952395 -8.266713643976143
-0.06411039317382586 -7.531660778256191
-0.056685616752412196 -6.796607912536238
-0.04926084033099853 -6.061555046816285
-0.04183606390958486 -5.326502181096332
-0.0344112874881712 -4.59144931537638
-0.02698651106675755 -3.856396449656428
-0.019561734645343887 -3.1213435839364756
-0.012136958223930211 -2.3862907182165216
-0.004712181802516563 -1.6512378524965712
0.002712594618897113 -0.9161849867766172
0.010137371040310775 -0.18113212105666499
0.017562147461724437 0.553920744663289
0.024986923883138112 1.2889736103832412
0.03241170030455176 2.0240264761031934
0.039836476725965436 2.7590793418231456
0.047261253147379084 3.494132207543096
0.05468602956879273 4.22918507326305
0.06211080599020641 4.9642379389830005
0.06953558241162006 5.6992908047029545
0.07696035883303376 6.4343436704229084
0.08438513525444741 7.169396536142862
0.09180991167586108 7.904449401862813
0.0992346880972747 8.639502267582763
0.10665946451868838 9.374555133302717
0.11408424094010206 10.109607999022671
0.1215090173615157 10.844660864742622
0.12893379378292938 11.579713730462576
0.13635857020434303 12.314766596182526
0.1437833466257567 13.049819461902484
0.1512081230471704 13.784872327622434
0.15863289946858405 14.519925193342388
0.1660576758899977 15.254978059062339
0.17348245231141135 15.990030924782292
0.18090722873282505 16.725083790502246
0.1883320051542387 17.460136656222197
-0.11606184064294389 -11.204164207229532
-0.10863706422153023 -10.46911134150958
-0.10121228780011657 -9.734058475789627
-0.0937875113787029 -8.999005610069673
-0.08636273495728924 -8.263952744349721
-0.07893795853587557 -7.528899878629769
-0.07151318211446192 -6.793847012909817
-0.06408840569304826 -6.0587941471898645
-0.05666362927163459 -5.323741281469911
-0.04923885285022092 -4.588688415749958
-0.04181407642880726 -3.853635550030006
-0.03438930000739361 -3.118582684310054
-0.02696452358597995 -2.3835298185901017
-0.019539747164566273 -1.6484769528701477
-0.012114970743152625 -0.9134240871501973
-0.00469019432173895 -0.1783712214302433
0.0027345820996747122 0.5566816442897089
0.010159358521088374 1.2917345100096629
0.01758413494250205 2.026787375729615
0.025008911363915698 2.7618402414495673
0.032433687785329374 3.4968931071695195
0.03985846420674302 4.23194597288947
0.04728324062815667 4.966998838609424
0.054708017049570346 5.702051704329374
0.062132793470983994 6.437104570049328
0.0695575698923977 7.172157435769282
0.07698234631381135 7.907210301489236
0.08440712273522502 8.642263167209187
0.09183189915663864 9.377316032929137
0.09925667557805232 10.112368898649091
0.10668145199946599 10.847421764369045
0.11410622842087964 11.582474630088996
0.12153100484229332 12.31752749580895
0.12895578126370696 13.0525803615289
0.13638055768512064 13.787633227248858
0.14380533410653434 14.522686092968808
0.151230110527948 15.257738958688762
0.15865488694936164 15.992791824408712
0.1660796633707753 16.727844690128666
0.173504439792189 17.46289755584862
0.18092921621360264 18.19795042156857
-0.12346462958357995 -10.466350441883158
-0.11603985316216629 -9.731297576163206
-0.10861507674075263 -8.996244710443253
-0.10119030031933897 -8.2611918447233
-0.09376552389792531 -7.526138979003347
-0.08634074747651163 -6.791086113283395
-0.07891597105509798 -6.056033247563443
-0.07149119463368432 -5.320980381843491
-0.06406641821227066 -4.5859275161235376
-0.056641641790856984 -3.8508746504035845
-0.04921686536944332 -3.1158217846836322
-0.041792088948029674 -2.38076891896368
-0.03436731252661601 -1.6457160532437278
-0.026942536105202336 -0.9106631875237738
-0.019517759683788688 -0.1756103218038234
-0.012092983262375012 0.5594425439161306
-0.00466820684096135 1.2944954096360828
0.0027565695804523116 2.0295482753560368
0.010181346001865987 2.764601141075989
0.017606122423279635 3.499654006795941
0.02503089884469331 4.234706872515893
0.03245567526610696 4.969759738235844
0.03988045168752061 5.704812603955798
0.04730522810893428 6.439865469675748
0.05473000453034793 7.174918335395702
0.062154780951761635 7.909971201115656
0.06957955737317528 8.64502406683561
0.07700433379458896 9.38007693255556
0.08442911021600258 10.115129798275511
0.09185388663741625 10.850182663995465
0.09927866305882993 11.585235529715419
0.10670343948024358 12.32028839543537
0.11412821590165725 13.055341261155323
0.1215529923230709 13.790394126875274
0.12897776874448458 14.525446992595231
0.13640254516589828 15.260499858315182
0.14382732158731193 15.995552724035136
0.15125209800872558 16.730605589755086
0.15867687443013923 17.46565845547504
0.16610165085155293 18.200711321194994
0.17352642727296658 18.935764186914945
-0.13086741852421596 -9.728536676536788
-0.1234426421028023 -8.993483810816835
-0.11601786568138864 -8.258430945096883
-0.10859308925997498 -7.52337807937693
-0.10116831283856131 -6.788325213656977
-0.09374353641714764 -6.053272347937025
-0.08631875999573399 -5.3182194822170725
-0.07889398357432033 -4.58316661649712
-0.07146920715290667 -3.848113750777167
-0.06404443073149299 -3.113060885057214
-0.05661965431007933 -2.378008019337262
-0.04919487788866568 -1.6429551536173097
-0.04177010146725202 -0.9079022878973575
-0.03434532504583834 -0.1728494221774035
-0.026920548624424695 0.5622034435425469
-0.01949577220301102 1.297256309262501
-0.012070995781597357 2.032309174982453
-0.004646219360183695 2.767362040702407
0.0027785570612299804 3.5024149064223593
0.010203333482643628 4.2374677721423115
0.017628109904057304 4.972520637862264
0.025052886325470952 5.707573503582214
0.0324776627468846 6.442626369302168
0.039902439168298276 7.177679235022119
0.047327215589711924 7.912732100742073
0.05475199201112563 8.647784966462027
0.062176768432539276 9.38283783218198
0.06960154485395295 10.117890697901931
0.07702632127536657 10.852943563621881
0.08445109769678025 11.587996429341835
0.09187587411819392 12.32304929506179
0.09930065053960757 13.05810216078174
0.10672542696102125 13.793155026501694
0.1141502033824349 14.528207892221644
0.12157497980384857 15.263260757941602
0.12899975622526227 15.998313623661552
0.13642453264667592 16.733366489381506
0.14384930906808957 17.468419355101457
0.15127408548950322 18.20347222082141
0.15869886191091692 18.938525086541365
0.16612363833233057 19.673577952261315
-0.13827020746485202 -8.990722911190417
-0.13084543104343835 -8.255670045470465
-0.1234206546220247 -7.520617179750512
-0.11599587820061104 -6.78556431403056
-0.10857110177919738 -6.050511448310607
-0.1011463253577837 -5.315458582590654
-0.09372154893637005 -4.580405716870702
-0.08629677251495639 -3.84535285115075
-0.07887199609354273 -3.110299985430797
-0.07144721967212905 -2.375247119710844
-0.06402244325071539 -1.6401942539908916
-0.05659766682930174 -0.9051413882709394
-0.04917289040788808 -0.17008852255098716
-0.041748113986474406 0.5649643431689668
-0.03432333756506076 1.3000172088889173
-0.02689856114364708 2.0350700746088712
-0.01947378472223342 2.7701229403288234
-0.012049008300819758 3.5051758060487774
-0.004624231879406082 4.24022867176873
0.002800544542007566 4.975281537488682
0.010225320963421242 5.710334403208634
0.01765009738483489 6.4453872689285845
0.025074873806248538 7.1804401346485385
0.03249965022766221 7.915493000368489
0.03992442664907586 8.650545866088443
0.047349203070489565 9.385598731808397
0.05477397949190321 10.12065159752835
0.06219875591331689 10.855704463248301
0.06962353233473051 11.590757328968252
0.07704830875614418 12.325810194688206
0.08447308517755786 13.06086306040816
0.09189786159897151 13.79591592612811
0.09932263802038518 14.530968791848064
0.10674741444179883 15.266021657568015
0.11417219086321251 16.001074523287972
0.12159696728462621 16.736127389007923
0.12902174370603986 17.471180254727877
0.1364465201274535 18.206233120447827
0.14387129654886716 18.94128598616778
0.15129607297028086 19.676338851887735
0.1587208493916945 20.411391717607685
-0.14567299640548803 -8.252909145844043
-0.13824821998407436 -7.517856280124091
-0.1308234435626607 -6.782803414404138
-0.12339866714124705 -6.047750548684186
-0.11597389071983338 -5.312697682964233
-0.10854911429841971 -4.5776448172442805
-0.10112433787700606 -3.8425919515243283
-0.0936995614555924 -3.107539085804376
-0.08627478503417874 -2.372486220084423
-0.07885000861276506 -1.63743335436447
-0.0714252321913514 -0.9023804886445177
-0.06400045576993775 -0.1673276229245655
-0.05657567934852409 0.5677252427953867
-0.04915090292711041 1.3027781085153407
-0.041726126505696765 2.037830974235291
-0.03430135008428309 2.772883839955245
-0.026876573662869427 3.5079367056751973
-0.019451797241455765 4.242989571395151
-0.01202702082004209 4.9780424371151035
-0.004602244398628441 5.713095302835056
0.0028225320227852346 6.448148168555008
0.010247308444198883 7.183201034274958
0.01767208486561253 7.918253899994912
0.025096861287026206 8.653306765714863
0.032521637708439854 9.388359631434817
0.03994641412985356 10.12341249715477
0.047371190551267206 10.858465362874725
0.05479596697268088 11.593518228594675
0.0622207433940945 12.328571094314626
0.06964551981550818 13.06362396003458
0.07707029623692185 13.798676825754534
0.0844950726583355 14.533729691474484
0.09191984907974918 15.268782557194438
0.09934462550116283 16.00383542291439
0.1067694019225765 16.738888288634346
0.1141941783439902 17.473941154354296
0.12161895476540385 18.20899402007425
0.1290437311868175 18.9440468857942
0.13646850760823115 19.679099751514155
0.14389328402964485 20.41415261723411
0.1513180604510585 21.14920548295406
-0.15307578534612404 -7.515095380497673
-0.14565100892471036 -6.780042514777721
-0.13822623250329671 -6.044989649057768
-0.13080145608188304 -5.3099367833378155
-0.12337667966046939 -4.574883917617862
-0.11595190323905571 -3.83983105189791
-0.10852712681764207 -3.104778186177958
-0.1011023503962284 -2.3697253204580058
-0.09367757397481474 -1.6346724547380527
-0.08625279755340107 -0.8996195890180996
-0.0788280211319874 -0.16456672329814737
-0.07140324471057376 0.5704861424218048
-0.0639784682891601 1.305539008141757
-0.05655369186774642 2.040591873861711
-0.04912891544633277 2.7756447395816615
-0.041704139024919096 3.5106976053016155
-0.034279362603505434 4.245750471021568
-0.026854586182091772 4.980803336741522
-0.019429809760678096 5.715856202461474
-0.012005033339264448 6.450909068181426
-0.004580256917850772 7.185961933901378
0.0028445195035628756 7.921014799621329
0.010269295924976524 8.656067665341283
0.0176940723463902 9.391120531061233
0.025118848767803847 10.126173396781187
0.03254362518921755 10.861226262501141
0.0399684016106312 11.596279128221095
0.047393178032044875 12.331331993941046
0.054817954453458495 13.066384859660996
0.06224273087487217 13.80143772538095
0.06966750729628585 14.536490591100904
0.0770922837176995 15.271543456820854
0.08451706013911317 16.00659632254081
0.09194183656052682 16.74164918826076
0.0993666129819405 17.476702053980716
0.1067913894033542 18.211754919700667
0.11421616582476785 18.94680778542062
0.1216409422461815 19.68186065114057
0.12906571866759514 20.416913516860525
0.13649049508900885 21.15196638258048
0.1439152715104225 21.88701924830043
