0.1348661899077647 -36.172555611716405
0.14898457527936784 -34.732480303812885
0.16310296065097096 -33.292404995909365
0.1772213460225741 -31.852329688005845
0.19133973139417726 -30.412254380102326
0.2054581167657804 -28.972179072198806
0.21957650213738356 -27.532103764295286
0.23369488750898665 -26.092028456391766
0.2478132728805898 -24.651953148488246
0.26193165825219294 -23.211877840584727
0.27605004362379615 -21.771802532681203
0.29016842899539924 -20.331727224777687
0.3042868143670024 -18.891651916874164
0.3184051997386055 -17.451576608970644
0.33252358511020863 -16.011501301067124
0.3466419704818118 -14.571425993163608
0.3607603558534149 -13.131350685260085
0.3748787412250181 -11.691275377356565
0.3889971265966212 -10.251200069453045
0.40311551196822437 -8.811124761549525
0.4172338973398275 -7.371049453646002
0.12080979688827385 -34.724325438918264
0.134928182259877 -33.284250131014744
0.14904656763148014 -31.844174823111224
0.16316495300308329 -30.404099515207704
0.1772833383746864 -28.964024207304185
0.19140172374628955 -27.523948899400665
0.2055201091178927 -26.083873591497145
0.21963849448949582 -24.643798283593625
0.23375687986109897 -23.203722975690106
0.2478752652327021 -21.763647667786586
0.2619936506043053 -20.323572359883062
0.2761120359759084 -18.883497051979546
0.29023042134751154 -17.443421744076023
0.3043488067191147 -16.003346436172503
0.3184671920907178 -14.563271128268983
0.3325855774623209 -13.123195820365467
0.3467039628339241 -11.683120512461944
0.3608223482055272 -10.243045204558424
0.37494073357713037 -8.802969896654904
0.3890591189487335 -7.362894588751384
0.4031775043203367 -5.922819280847861
0.10675340386878301 -33.27609526612012
0.12087178924038615 -31.836019958216603
0.13499017461198928 -30.395944650313083
0.14910855998359243 -28.955869342409564
0.16322694535519558 -27.515794034506044
0.17734533072679873 -26.075718726602524
0.19146371609840185 -24.635643418699004
0.205582101470005 -23.195568110795485
0.21970048684160814 -21.755492802891965
0.23381887221321127 -20.315417494988445
0.24793725758481444 -18.87534218708492
0.2620556429564176 -17.435266879181405
0.27617402832802074 -15.995191571277882
0.29029241369962383 -14.555116263374362
0.3044107990712269 -13.115040955470842
0.31852918444283007 -11.674965647567326
0.3326475698144332 -10.234890339663803
0.34676595518603637 -8.794815031760283
0.3608843405576395 -7.354739723856763
0.37500272592924266 -5.9146644159532435
0.38912111130084587 -4.47458910804972
0.09269701084929216 -31.827865093321982
0.1068153962208953 -30.387789785418462
0.12093378159249844 -28.947714477514943
0.13505216696410158 -27.507639169611423
0.14917055233570473 -26.067563861707903
0.16328893770730787 -24.627488553804383
0.177407323078911 -23.187413245900864
0.19152570845051414 -21.747337937997344
0.2056440938221173 -20.307262630093824
0.2197624791937204 -18.867187322190304
0.2338808645653236 -17.42711201428678
0.2479992499369267 -15.987036706383263
0.26211763530852983 -14.546961398479741
0.276236020680133 -13.106886090576221
0.2903544060517361 -11.666810782672702
0.3044727914233393 -10.226735474769185
0.3185911767949424 -8.786660166865662
0.33270956216654557 -7.346584858962142
0.34682794753814866 -5.9065095510586225
0.3609463329097518 -4.466434243155103
0.375064718281355 -3.0263589352515794
0.07864061782980133 -30.379634920523838
0.09275900320140447 -28.939559612620318
0.10687738857300762 -27.4994843047168
0.12099577394461075 -26.05940899681328
0.1351141593162139 -24.61933368890976
0.14923254468781705 -23.179258381006235
0.1633509300594202 -21.739183073102716
0.1774693154310233 -20.299107765199196
0.19158770080262644 -18.859032457295676
0.20570608617422959 -17.418957149392156
0.21982447154583276 -15.978881841488636
0.23394285691743588 -14.538806533585118
0.24806124228903903 -13.098731225681597
0.2621796276606422 -11.658655917778077
0.27629801303224527 -10.218580609874557
0.2904163984038484 -8.778505301971041
0.30453478377545157 -7.338429994067518
0.3186531691470547 -5.898354686163998
0.3327715545186578 -4.458279378260478
0.34688993989026096 -3.0182040703569584
0.3610083252618642 -1.578128762453435
0.0645842248103105 -28.931404747725697
0.07870261018191363 -27.491329439822177
0.09282099555351678 -26.051254131918657
0.10693938092511993 -24.611178824015138
0.12105776629672305 -23.171103516111618
0.1351761516683262 -21.731028208208095
0.14929453703992934 -20.290952900304575
0.16341292241153246 -18.850877592401055
0.1775313077831356 -17.410802284497535
0.19164969315473873 -15.970726976594017
0.20576807852634194 -14.530651668690496
0.21988646389794503 -13.090576360786978
0.23400484926954818 -11.650501052883456
0.24812323464115132 -10.210425744979936
0.2622416200127544 -8.770350437076416
0.27636000538435757 -7.3302751291729
0.2904783907559607 -5.890199821269377
0.30459677612756386 -4.450124513365857
0.318715161499167 -3.0100492054623373
0.33283354687077016 -1.5699738975588176
0.34695193224237336 -0.12989858965529422
0.05052783179081964 -27.483174574927556
0.06464621716242278 -26.043099267024036
0.07876460253402592 -24.603023959120517
0.09288298790562907 -23.162948651216997
0.10700137327723219 -21.722873343313477
0.12111975864883535 -20.282798035409954
0.1352381440204385 -18.842722727506434
0.1493565293920416 -17.402647419602914
0.16347491476364476 -15.962572111699396
0.17759330013524788 -14.522496803795876
0.19171168550685108 -13.082421495892355
0.20583007087845417 -11.642346187988837
0.21994845625005732 -10.202270880085315
0.23406684162166047 -8.762195572181795
0.24818522699326356 -7.322120264278276
0.2623036123648667 -5.882044956374759
0.27642199773646986 -4.441969648471236
0.290540383108073 -3.0018943405677163
0.30465876847967616 -1.5618190326641965
0.3187771538512793 -0.12174372476067674
0.3328955392228825 1.3183315831428466
0.0364714387713288 -26.034944402129415
0.05058982414293194 -24.594869094225896
0.06470820951453508 -23.154793786322376
0.07882659488613822 -21.714718478418856
0.09294498025774137 -20.274643170515336
0.10706336562934451 -18.834567862611813
0.12118175100094765 -17.394492554708293
0.13530013637255078 -15.954417246804775
0.14941852174415393 -14.514341938901255
0.16353690711575705 -13.074266630997736
0.17765529248736023 -11.634191323094214
0.19177367785896335 -10.194116015190696
0.2058920632305665 -8.754040707287174
0.22001044860216962 -7.313965399383655
0.23412883397377274 -5.873890091480135
0.24824721934537589 -4.433814783576619
0.262365604716979 -2.9937394756730953
0.27648399008858215 -1.5536641677695755
0.2906023754601853 -0.11358885986605571
0.30472076083178845 1.326486448037464
0.31883914620339165 2.7665617559409874
0.02241504575183796 -24.58671422933127
0.0365334311234411 -23.14663892142775
0.050651816495044244 -21.70656361352423
0.06477020186664739 -20.26648830562071
0.07888858723825051 -18.826412997717192
0.09300697260985367 -17.386337689813672
0.10712535798145681 -15.94626238191015
0.12124374335305993 -14.50618707400663
0.13536212872466308 -13.066111766103111
0.14948051409626623 -11.626036458199591
0.16359889946786937 -10.18596115029607
0.17771728483947252 -8.745885842392552
0.19183567021107567 -7.30581053448903
0.20595405558267876 -5.86573522658551
0.2200724409542819 -4.4256599186819905
0.23419082632588506 -2.9855846107784743
0.2483092116974882 -1.545509302874951
0.26242759706909136 -0.10543399497143113
0.27654598244069445 1.3346413129320887
0.2906643678122976 2.7747166208356084
0.3047827531839008 4.214791928739132
0.008358652732347122 -23.13848405653313
0.022477038103950263 -21.69840874862961
0.036595423475553404 -20.25833344072609
0.050713808847156545 -18.81825813282257
0.06483219421875969 -17.37818282491905
0.07895057959036283 -15.93810751701553
0.09306896496196597 -14.49803220911201
0.10718735033356909 -13.05795690120849
0.12130573570517224 -11.61788159330497
0.13542412107677537 -10.17780628540145
0.14954250644837855 -8.737730977497929
0.16366089181998167 -7.297655669594411
0.17777927719158482 -5.857580361690889
0.19189766256318794 -4.4175050537873695
0.20601604793479106 -2.9774297458838497
0.2201344333063942 -1.5373544379803334
0.23425281867799735 -0.0972791300768101
0.2483712040496005 1.3427961778267097
0.2624895894212036 2.7828714857302295
0.27660797479280674 4.222946793633749
0.29072636016441 5.663022101537273
-0.005697740287143704 -21.69025388373499
0.008420645084459435 -20.25017857583147
0.022539030456062575 -18.81010326792795
0.03665741582766572 -17.37002796002443
0.050775801199268854 -15.92995265212091
0.06489418657087201 -14.489877344217389
0.07901257194247514 -13.049802036313869
0.09313095731407826 -11.60972672841035
0.10724934268568141 -10.16965142050683
0.12136772805728455 -8.72957611260331
0.13548611342888772 -7.289500804699788
0.14960449880049084 -5.84942549679627
0.163722884172094 -4.409350188892748
0.1778412695436971 -2.9692748809892286
0.19195965491530023 -1.5291995730857089
0.20607804028690338 -0.08912426518219263
0.22019642565850653 1.3509510427213307
0.23431481103010968 2.7910263506248505
0.2484331964017128 4.23110165852837
0.26255158177331595 5.67117696643189
0.27666996714491915 7.111252274335413
-0.019754133306634558 -20.24202371093685
-0.005635747935031419 -18.80194840303333
0.008482637436571721 -17.36187309512981
0.022601022808174866 -15.92179778722629
0.036719408179778 -14.48172247932277
0.050837793551381155 -13.041647171419248
0.06495617892298429 -11.601571863515728
0.07907456429458741 -10.161496555612208
0.09319294966619056 -8.721421247708689
0.10731133503779369 -7.281345939805169
0.12142972040939687 -5.841270631901647
0.135548105781 -4.401195323998129
0.14966649115260314 -2.9611200160946076
0.16378487652420626 -1.5210447081910878
0.17790326189580938 -0.08096940028756805
0.19202164726741253 1.3591059076159482
0.20614003263901567 2.7991812155194715
0.22025841801061882 4.239256523422991
0.23437680338222194 5.679331831326511
0.2484951887538251 7.119407139230031
0.2626135741254283 8.559482447133554
-0.03381052632612541 -18.793793538138708
-0.01969214095452227 -17.353718230235188
-0.005573755582919133 -15.913642922331668
0.008544629788684012 -14.473567614428148
0.022663015160287146 -13.033492306524629
0.0367814005318903 -11.593416998621107
0.050899785903493436 -10.153341690717587
0.06501817127509656 -8.713266382814068
0.0791365566466997 -7.273191074910548
0.09325494201830284 -5.833115767007028
0.10737332738990601 -4.393040459103506
0.12149171276150914 -2.9529651511999884
0.13561009813311228 -1.5128898432964668
0.1497284835047154 -0.07281453539294702
0.16384686887631852 1.3672607725105728
0.17796525424792167 2.807336080414089
0.19208363961952482 4.247411388317612
0.20620202499112797 5.687486696221132
0.2203204103627311 7.127562004124652
0.23443879573433424 8.567637312028172
0.24855718110593744 10.007712619931695
-0.047866919345616266 -17.345563365340563
-0.033748533974013124 -15.905488057437044
-0.019630148602409987 -14.465412749533524
-0.005511763230806842 -13.025337441630004
0.008606622140796293 -11.585262133726484
0.022725007512399448 -10.145186825822963
0.03684339288400258 -8.705111517919443
0.0509617782556057 -7.265036210015923
0.06508016362720885 -5.824960902112403
0.07919854899881199 -4.384885594208884
0.09331693437041516 -2.944810286305362
0.10743531974201828 -1.504734978401844
0.12155370511362143 -0.06465967049832244
0.13567209048522455 1.3754156374051973
0.14979047585682767 2.815490945308717
0.16390886122843082 4.255566253212233
0.17802724660003397 5.695641561115757
0.19214563197163712 7.1357168690192765
0.20626401734324024 8.575792176922796
0.22038240271484338 10.015867484826316
0.2345007880864466 11.45594279272984
-0.06192331236510709 -15.897333192542426
-0.04780492699350395 -14.457257884638906
-0.03368654162190081 -13.017182576735387
-0.019568156250297668 -11.577107268831867
-0.005449770878694533 -10.137031960928347
0.008668614492908622 -8.696956653024825
0.022786999864511756 -7.256881345121306
0.03690538523611488 -5.816806037217786
0.051023770607718025 -4.376730729314266
0.06514215597932116 -2.9366554214107463
0.07926054135092434 -1.4965801135072248
0.09337892672252746 -0.05650480560370674
0.1074973120941306 1.3835705022998148
0.12161569746573372 2.8236458102033346
0.13573408283733684 4.263721118106854
0.14985246820894 5.703796426010371
0.16397085358054314 7.143871733913894
0.1780892389521463 8.583947041817414
0.1922076243237494 10.024022349720934
0.20632600969535256 11.464097657624453
0.22044439506695576 12.904172965527977
-0.07597970538459792 -14.449103019744282
-0.061861320012994776 -13.009027711840762
-0.047742934641391635 -11.568952403937242
-0.033624549269788494 -10.128877096033722
-0.01950616389818536 -8.688801788130203
-0.005387778526582204 -7.248726480226681
0.00873060684502093 -5.808651172323161
0.02284899221662405 -4.3685758644196415
0.0369673775882272 -2.9285005565161217
0.05108576295983033 -1.488425248612602
0.06520414833143351 -0.048349940709080386
0.07932253370303663 1.3917253671944376
0.09344091907463978 2.831800675097959
0.1075593044462429 4.271875983001479
0.12167768981784602 5.711951290904999
0.13579607518944917 7.152026598808515
0.14991446056105232 8.592101906712038
0.16403284593265546 10.032177214615558
0.17815123130425858 11.472252522519078
0.19226961667586173 12.912327830422598
0.20638800204746494 14.352403138326121
-0.09003609840408877 -13.000872846946141
-0.07591771303248564 -11.560797539042621
-0.06179932766088249 -10.120722231139101
-0.04768094228927935 -8.680646923235582
-0.03356255691767621 -7.240571615332061
-0.019444171546073058 -5.80049630742854
-0.005325786174469924 -4.3604209995250205
0.008792599197133197 -2.9203456916215007
0.022910984568736345 -1.480270383717981
0.03702936994033948 -0.040195075814461134
0.051147755311942655 1.3998802320890604
0.06526614068354578 2.8399555399925784
0.07938452605514892 4.2800308478961
0.09350291142675204 5.72010615579962
0.10762129679835516 7.16018146370314
0.12173968216995831 8.600256771606656
0.13585806754156146 10.04033207951018
0.1499764529131646 11.480407387413699
0.16409483828476773 12.920482695317219
0.17821322365637088 14.360558003220738
0.19233160902797408 15.800633311124262
-0.10409249142357963 -11.552642674147997
-0.08997410605197649 -10.112567366244477
-0.07585572068037334 -8.672492058340957
-0.0617373353087702 -7.232416750437436
-0.04761894993716707 -5.792341442533917
-0.03350056456556391 -4.352266134630396
-0.019382179193960777 -2.912190826726876
-0.005263793822357657 -1.4721155188233563
0.008854591549245491 -0.032040210919836554
0.022972976920848626 1.4080350969836832
0.0370913622924518 2.848110404887205
0.05120974766405492 4.288185712790723
0.06532813303565807 5.728261020694244
0.07944651840726119 7.168336328597764
0.09356490377886431 8.608411636501284
0.10768328915046746 10.0484869444048
0.12180167452207061 11.488562252308324
0.13592005989367376 12.928637560211843
0.15003844526527688 14.368712868115363
0.16415683063688002 15.808788176018883
0.17827521600848323 17.248863483922406
-0.11814888444307045 -10.10441250134986
-0.10403049907146732 -8.66433719344634
-0.08991211369986417 -7.22426188554282
-0.07579372832826103 -5.784186577639299
-0.06167534295665789 -4.344111269735779
-0.04755695758505474 -2.9040359618322586
-0.0334385722134516 -1.4639606539287389
-0.019320186841848483 -0.02388534602521908
-0.005201801470245335 1.4161899618783007
0.0089165839013578 2.8562652697818205
0.023034969272960976 4.296340577685342
0.037153354644564096 5.73641588558886
0.051271740016167244 7.176491193492382
0.06539012538777036 8.616566501395901
0.07950851075937349 10.056641809299421
0.09362689613097663 11.496717117202937
0.10774528150257978 12.93679242510646
0.12186366687418293 14.37686773300998
0.13598205224578605 15.8169430409135
0.1501004376173892 17.25701834881702
0.1642188229889924 18.697093656720543
-0.1322052774625613 -8.656182328551715
-0.11808689209095817 -7.216107020648195
-0.10396850671935502 -5.776031712744675
-0.08985012134775189 -4.335956404841155
-0.07573173597614874 -2.895881096937635
-0.06161335060454559 -1.4558057890341143
-0.04749496523294246 -0.015730481130594498
-0.03337657986133934 1.4243448267729253
-0.01925819448973619 2.864420134676445
-0.005139809118133054 4.304495442579965
0.008978576253470122 5.744570750483486
0.023096961625073242 7.184646058387004
0.03721534699667639 8.624721366290526
0.05133373236827951 10.064796674194046
0.06545211773988263 11.504871982097566
0.07957050311148578 12.944947290001082
0.09368888848308893 14.385022597904605
0.10780727385469208 15.825097905808125
0.1219256592262952 17.265173213711645
0.13604404459789834 18.705248521615164
0.15016242996950155 20.145323829518688
-0.1462616704820521 -7.207952155753578
-0.13214328511044895 -5.767876847850058
-0.11802489973884582 -4.327801539946538
-0.10390651436724269 -2.8877262320430175
-0.08978812899563954 -1.4476509241394977
-0.07566974362403639 -0.007575616235977023
-0.061551358252433255 1.4324996916675428
-0.047432972880830135 2.8725749995710625
-0.03331458750922699 4.312650307474582
-0.019196202137623852 5.752725615378102
-0.005077816766020676 7.192800923281624
0.009040568605582444 8.632876231185142
0.023158953977185592 10.072951539088663
0.03727733934878871 11.513026846992183
0.05139572472039183 12.953102154895703
0.06551411009199498 14.393177462799219
0.07963249546359813 15.833252770702742
0.09375088083520128 17.273328078606262
0.1078692662068044 18.713403386509782
0.12198765157840755 20.1534786944133
0.13610603695001075 21.593554002316825
