1,0,0,0.660700 2,0,0,0.668500 3,0,0,0.659100 4,0,0,0.660100 5,0,0,0.672600 6,0,0,0.674800 7,0,0,0.665500 8,0,0,0.641200 9,0,0,0.686900 10,0,0,0.701000 11,0,0,0.704000 12,0,0,0.728000 13,0,0,0.734000 
1,0,0,0.601800 2,0,0,0.606800 3,0,0,0.611100 4,0,0,0.611900 5,0,0,0.605200 6,0,0,0.599100 7,0,0,0.611200 8,0,0,0.596600 9,0,0,0.618200 10,0,0,0.632000 11,0,0,0.642000 12,0,0,0.629000 13,0,0,0.629000 
1,0,0,0.603900 2,0,0,0.603400 3,0,0,0.603200 4,0,0,0.635300 5,0,0,0.671200 6,0,0,0.662400 8,0,0,0.665900 9,0,0,0.631100 10,0,0,0.637000 11,0,0,0.643000 12,0,0,0.640000 13,0,0,0.633000 
1,0,0,0.682900 2,0,0,0.698200 3,0,0,0.720900 4,0,0,0.721100 5,0,0,0.718700 6,0,0,0.723600 7,0,0,0.721200 8,0,0,0.719500 9,0,0,0.731700 10,0,0,0.734000 11,0,0,0.735000 12,0,0,0.732000 13,0,0,0.733000 
2,0,0,0.665100 3,0,0,0.667700 4,0,0,0.661900 5,0,0,0.666900 6,0,0,0.665400 7,0,0,0.663600 8,0,0,0.663400 9,0,0,0.662200 10,0,0,0.668000 11,0,0,0.669000 12,0,0,0.677000 13,0,0,0.678000 
1,0,0,0.716300 2,0,0,0.720400 3,0,0,0.724100 4,0,0,0.728200 5,0,0,0.727100 6,0,0,0.729100 7,0,0,0.729400 8,0,0,0.739000 9,0,0,0.740900 10,0,0,0.733000 11,0,0,0.721000 12,0,0,0.731000 13,0,0,0.730000 
1,0,0,0.698600 2,0,0,0.706000 3,0,0,0.715300 4,0,0,0.703100 5,0,0,0.709100 6,0,0,0.716500 7,0,0,0.739100 8,0,0,0.743700 9,0,0,0.726600 10,0,0,0.733000 11,0,0,0.716000 12,0,0,0.709000 13,0,0,0.718000 
2,0,0,0.678100 3,0,0,0.685600 4,0,0,0.662600 5,0,0,0.644600 6,0,0,0.657700 7,0,0,0.654600 8,0,0,0.658200 9,0,0,0.675300 10,0,0,0.675000 11,0,0,0.684000 12,0,0,0.676000 13,0,0,0.680000 
4,0,0,0.717900 5,0,0,0.712800 6,0,0,0.734000 7,0,0,0.715600 8,0,0,0.712800 9,0,0,0.726900 10,0,0,0.728000 11,0,0,0.729000 12,0,0,0.743000 13,0,0,0.741000 
1,0,0,0.589400 2,0,0,0.593100 3,0,0,0.592700 4,0,0,0.613600 5,0,0,0.621700 6,0,0,0.623200 7,0,0,0.629800 8,0,0,0.633400 9,0,0,0.626100 10,0,0,0.644000 11,0,0,0.615000 12,0,0,0.632000 13,0,0,0.627000 
1,0,0,0.627000 2,0,0,0.631400 3,0,0,0.653100 4,0,0,0.652600 5,0,0,0.670200 6,0,0,0.681200 7,0,0,0.668400 8,0,0,0.684800 9,0,0,0.697300 10,0,0,0.704000 11,0,0,0.698000 12,0,0,0.719000 13,0,0,0.721000 
3,0,0,0.718800 4,0,0,0.723600 5,0,0,0.717600 6,0,0,0.717000 7,0,0,0.723200 8,0,0,0.730100 9,0,0,0.728900 10,0,0,0.744000 11,0,0,0.739000 12,0,0,0.750000 13,0,0,0.753000 
10,0,0,0.734000 11,0,0,0.737000 12,0,0,0.744000 13,0,0,0.747000 
1,0,0,0.707800 2,0,0,0.719800 3,0,0,0.716300 4,0,0,0.716500 5,0,0,0.750900 6,0,0,0.753100 7,0,0,0.765200 8,0,0,0.768400 9,0,0,0.780900 10,0,0,0.753000 11,0,0,0.745000 12,0,0,0.739000 13,0,0,0.738000 
2,0,0,0.642600 3,0,0,0.661000 4,0,0,0.663600 5,0,0,0.653600 6,0,0,0.648900 7,0,0,0.646500 8,0,0,0.644900 9,0,0,0.670100 10,0,0,0.668000 11,0,0,0.676000 12,0,0,0.692000 13,0,0,0.662000 
1,0,0,0.578000 2,0,0,0.565600 3,0,0,0.558200 4,0,0,0.564300 5,0,0,0.571900 6,0,0,0.583200 7,0,0,0.625800 8,0,0,0.588500 10,0,0,0.625000 11,0,0,0.636000 12,0,0,0.652000 13,0,0,0.654000 
8,0,0,0.665100 9,0,0,0.636400 10,0,0,0.646000 11,0,0,0.642000 12,0,0,0.638000 13,0,0,0.638000 
1,0,0,0.633500 2,0,0,0.657400 3,0,0,0.666700 4,0,0,0.669300 5,0,0,0.675100 6,0,0,0.686200 7,0,0,0.722200 8,0,0,0.734000 9,0,0,0.704900 10,0,0,0.749000 11,0,0,0.746000 12,0,0,0.758000 13,0,0,0.748000 
1,0,0,0.689700 2,0,0,0.679700 3,0,0,0.683900 4,0,0,0.707100 5,0,0,0.687600 6,0,0,0.683200 7,0,0,0.674400 8,0,0,0.675200 9,0,0,0.712900 10,0,0,0.710000 11,0,0,0.715000 12,0,0,0.720000 13,0,0,0.715000 
1,0,0,0.654300 2,0,0,0.663700 3,0,0,0.673700 4,0,0,0.669500 5,0,0,0.665500 6,0,0,0.667900 7,0,0,0.690900 8,0,0,0.694900 9,0,0,0.694100 10,0,0,0.686000 11,0,0,0.687000 12,0,0,0.684000 13,0,0,0.681000 
3,0,0,0.639200 4,0,0,0.652400 5,0,0,0.674800 6,0,0,0.678700 7,0,0,0.675000 8,0,0,0.673000 9,0,0,0.671900 10,0,0,0.684000 11,0,0,0.669000 12,0,0,0.671000 13,0,0,0.686000 
1,0,0,0.687000 2,0,0,0.708500 3,0,0,0.707700 4,0,0,0.707200 5,0,0,0.698300 6,0,0,0.698700 7,0,0,0.702100 8,0,0,0.709700 9,0,0,0.744400 10,0,0,0.722000 11,0,0,0.726000 12,0,0,0.756000 13,0,0,0.756000 
1,0,0,0.585400 2,0,0,0.591200 3,0,0,0.602900 4,0,0,0.608100 5,0,0,0.616200 6,0,0,0.615300 7,0,0,0.645500 8,0,0,0.651300 9,0,0,0.650000 10,0,0,0.651000 11,0,0,0.640000 12,0,0,0.646000 13,0,0,0.629000 
6,0,0,0.727000 7,0,0,0.733800 8,0,0,0.739700 9,0,0,0.756500 10,0,0,0.748000 11,0,0,0.768000 12,0,0,0.755000 13,0,0,0.741000 
1,0,0,0.629100 2,0,0,0.635300 3,0,0,0.646900 4,0,0,0.641000 5,0,0,0.648200 6,0,0,0.646400 7,0,0,0.645700 8,0,0,0.650900 9,0,0,0.652000 10,0,0,0.662000 11,0,0,0.658000 12,0,0,0.676000 13,0,0,0.683000 
1,0,0,0.586500 2,0,0,0.591900 3,0,0,0.601700 4,0,0,0.610800 5,0,0,0.611000 6,0,0,0.607300 7,0,0,0.629100 8,0,0,0.656000 10,0,0,0.682000 11,0,0,0.684000 12,0,0,0.689000 13,0,0,0.714000 
1,0,0,0.716500 2,0,0,0.719800 3,0,0,0.713600 4,0,0,0.719600 5,0,0,0.737200 6,0,0,0.740700 7,0,0,0.738100 8,0,0,0.742500 9,0,0,0.746400 10,0,0,0.740000 11,0,0,0.731000 12,0,0,0.769000 13,0,0,0.771000 
7,0,0,0.718000 8,0,0,0.712200 9,0,0,0.713300 10,0,0,0.717000 11,0,0,0.729000 12,0,0,0.686000 13,0,0,0.702000 
1,0,0,0.524700 2,0,0,0.538100 3,0,0,0.529000 4,0,0,0.541700 5,0,0,0.533000 6,0,0,0.533400 7,0,0,0.559400 8,0,0,0.558800 9,0,0,0.576400 10,0,0,0.580000 11,0,0,0.587000 12,0,0,0.575000 13,0,0,0.580000 
1,0,0,0.645500 2,0,0,0.648200 3,0,0,0.681800 4,0,0,0.688400 5,0,0,0.701300 6,0,0,0.703000 7,0,0,0.667600 8,0,0,0.667000 9,0,0,0.697500 10,0,0,0.698000 11,0,0,0.699000 12,0,0,0.704000 13,0,0,0.717000 
1,0,0,0.656100 2,0,0,0.664300 3,0,0,0.687800 4,0,0,0.690700 5,0,0,0.688100 6,0,0,0.686600 7,0,0,0.685300 8,0,0,0.690800 9,0,0,0.683000 10,0,0,0.682000 11,0,0,0.676000 12,0,0,0.674000 13,0,0,0.673000 
1,0,0,0.704900 2,0,0,0.709000 3,0,0,0.694400 4,0,0,0.693900 5,0,0,0.692700 6,0,0,0.671400 7,0,0,0.690100 8,0,0,0.717100 9,0,0,0.712200 10,0,0,0.725000 11,0,0,0.727000 12,0,0,0.731000 13,0,0,0.729000 
1,0,0,0.693600 2,0,0,0.701400 3,0,0,0.711100 4,0,0,0.718000 5,0,0,0.719400 6,0,0,0.726600 7,0,0,0.722500 8,0,0,0.724100 9,0,0,0.716500 10,0,0,0.732000 11,0,0,0.736000 12,0,0,0.727000 13,0,0,0.749000 
5,0,0,0.569100 6,0,0,0.577300 7,0,0,0.578500 8,0,0,0.581400 9,0,0,0.587400 10,0,0,0.606000 11,0,0,0.597000 12,0,0,0.611000 13,0,0,0.627000 
1,0,0,0.714500 2,0,0,0.721000 3,0,0,0.696700 4,0,0,0.694400 5,0,0,0.693900 6,0,0,0.700600 7,0,0,0.705300 8,0,0,0.706900 9,0,0,0.707500 10,0,0,0.708000 11,0,0,0.700000 12,0,0,0.711000 13,0,0,0.712000 
2,0,0,0.716900 3,0,0,0.719500 4,0,0,0.717600 5,0,0,0.725300 6,0,0,0.739400 7,0,0,0.741700 8,0,0,0.754000 9,0,0,0.731700 10,0,0,0.740000 11,0,0,0.740000 12,0,0,0.745000 13,0,0,0.749000 
1,0,0,0.643000 2,0,0,0.652200 3,0,0,0.669400 4,0,0,0.670600 5,0,0,0.664200 6,0,0,0.656700 7,0,0,0.673200 8,0,0,0.680100 9,0,0,0.674100 10,0,0,0.671000 11,0,0,0.684000 12,0,0,0.684000 13,0,0,0.684000 
1,0,0,0.671200 2,0,0,0.671800 3,0,0,0.677000 4,0,0,0.678900 5,0,0,0.685000 6,0,0,0.678900 7,0,0,0.676700 8,0,0,0.677000 9,0,0,0.673700 10,0,0,0.687000 11,0,0,0.690000 12,0,0,0.688000 13,0,0,0.693000 
1,0,0,0.746200 2,0,0,0.751900 3,0,0,0.753800 4,0,0,0.762800 5,0,0,0.771900 6,0,0,0.777800 7,0,0,0.777700 8,0,0,0.777900 9,0,0,0.802500 10,0,0,0.767000 11,0,0,0.754000 12,0,0,0.776000 13,0,0,0.778000 
1,0,0,0.663900 2,0,0,0.670500 3,0,0,0.674400 4,0,0,0.685900 5,0,0,0.677400 6,0,0,0.668200 7,0,0,0.665900 8,0,0,0.686700 9,0,0,0.690600 10,0,0,0.686000 11,0,0,0.676000 12,0,0,0.697000 13,0,0,0.701000 
1,0,0,0.643300 2,0,0,0.688100 3,0,0,0.709100 4,0,0,0.722000 5,0,0,0.707200 6,0,0,0.703500 7,0,0,0.720600 8,0,0,0.738900 9,0,0,0.745500 10,0,0,0.738000 11,0,0,0.726000 12,0,0,0.724000 13,0,0,0.729000 
1,0,0,0.578600 2,0,0,0.580900 3,0,0,0.583200 4,0,0,0.586200 5,0,0,0.589900 6,0,0,0.593300 7,0,0,0.597500 8,0,0,0.593500 9,0,0,0.606400 10,0,0,0.599000 11,0,0,0.614000 12,0,0,0.608000 13,0,0,0.614000 
1,0,0,0.683700 2,0,0,0.685300 3,0,0,0.687500 4,0,0,0.693900 5,0,0,0.659600 6,0,0,0.656700 7,0,0,0.663000 8,0,0,0.660900 9,0,0,0.686300 10,0,0,0.706000 11,0,0,0.702000 12,0,0,0.705000 13,0,0,0.690000 
1,0,0,0.694400 2,0,0,0.700800 3,0,0,0.707600 4,0,0,0.709400 5,0,0,0.701800 6,0,0,0.698300 7,0,0,0.697700 8,0,0,0.699700 9,0,0,0.701700 10,0,0,0.749000 11,0,0,0.747000 12,0,0,0.731000 13,0,0,0.734000 
1,0,0,0.594600 2,0,0,0.599100 3,0,0,0.586700 4,0,0,0.594800 5,0,0,0.601900 6,0,0,0.613600 7,0,0,0.620000 8,0,0,0.619800 9,0,0,0.614400 10,0,0,0.640000 11,0,0,0.662000 12,0,0,0.656000 13,0,0,0.656000 
4,0,0,0.641400 5,0,0,0.625600 6,0,0,0.625500 7,0,0,0.628500 8,0,0,0.628600 9,0,0,0.628600 10,0,0,0.645000 13,0,0,0.669000 
1,0,0,0.795800 2,0,0,0.804400 3,0,0,0.819500 4,0,0,0.825200 5,0,0,0.826000 6,0,0,0.838300 7,0,0,0.845100 8,0,0,0.842100 9,0,0,0.845300 10,0,0,0.850000 11,0,0,0.845000 12,0,0,0.823000 13,0,0,0.821000 
1,0,0,0.652000 2,0,0,0.682400 3,0,0,0.734100 4,0,0,0.733100 5,0,0,0.702500 6,0,0,0.701800 7,0,0,0.698400 8,0,0,0.708900 9,0,0,0.758800 10,0,0,0.761000 11,0,0,0.755000 12,0,0,0.778000 13,0,0,0.779000 
1,0,0,0.644800 2,0,0,0.642100 3,0,0,0.662200 4,0,0,0.675200 5,0,0,0.676200 6,0,0,0.676300 7,0,0,0.663000 10,0,0,0.674000 11,0,0,0.667000 12,0,0,0.649000 13,0,0,0.642000 
1,0,0,0.670000 2,0,0,0.666500 3,0,0,0.665400 4,0,0,0.668000 5,0,0,0.659800 6,0,0,0.662400 7,0,0,0.669100 8,0,0,0.675000 9,0,0,0.685500 10,0,0,0.687000 11,0,0,0.681000 12,0,0,0.679000 13,0,0,0.677000 
1,0,0,0.752400 2,0,0,0.761800 3,0,0,0.739400 4,0,0,0.744900 5,0,0,0.753000 6,0,0,0.759000 7,0,0,0.762900 8,0,0,0.758300 9,0,0,0.778000 10,0,0,0.779000 11,0,0,0.766000 12,0,0,0.778000 13,0,0,0.776000 
1,0,0,0.665300 2,0,0,0.672500 3,0,0,0.667900 4,0,0,0.670400 5,0,0,0.678200 6,0,0,0.681100 7,0,0,0.677800 8,0,0,0.681100 9,0,0,0.666100 10,0,0,0.704000 11,0,0,0.705000 12,0,0,0.695000 13,0,0,0.688000 
1,0,0,0.654000 2,0,0,0.664800 3,0,0,0.672700 4,0,0,0.666200 5,0,0,0.690800 6,0,0,0.691600 7,0,0,0.671600 8,0,0,0.678200 9,0,0,0.678400 10,0,0,0.685000 11,0,0,0.680000 12,0,0,0.692000 13,0,0,0.696000 
1,0,0,0.606700 2,0,0,0.614400 3,0,0,0.607200 4,0,0,0.620900 5,0,0,0.623800 6,0,0,0.622900 7,0,0,0.626000 8,0,0,0.630400 9,0,0,0.682100 10,0,0,0.667000 11,0,0,0.666000 12,0,0,0.667000 13,0,0,0.668000 
10,0,0,0.618000 11,0,0,0.640000 12,0,0,0.659000 13,0,0,0.656000 
4,0,0,0.710800 5,0,0,0.709000 6,0,0,0.708400 7,0,0,0.711900 8,0,0,0.708500 9,0,0,0.701000 10,0,0,0.702000 
1,0,0,0.648300 2,0,0,0.666100 3,0,0,0.696000 4,0,0,0.689300 5,0,0,0.692700 6,0,0,0.694500 7,0,0,0.676300 8,0,0,0.677300 9,0,0,0.693500 10,0,0,0.688000 11,0,0,0.690000 12,0,0,0.711000 13,0,0,0.706000 
1,0,0,0.669800 2,0,0,0.673100 3,0,0,0.686700 4,0,0,0.687900 5,0,0,0.672000 6,0,0,0.664200 7,0,0,0.671800 8,0,0,0.674200 9,0,0,0.675900 10,0,0,0.672000 11,0,0,0.669000 12,0,0,0.670000 13,0,0,0.674000 
1,0,0,0.781300 2,0,0,0.783600 3,0,0,0.799900 4,0,0,0.827600 5,0,0,0.849600 6,0,0,0.853000 7,0,0,0.864000 8,0,0,0.873100 9,0,0,0.859400 10,0,0,0.881000 11,0,0,0.874000 12,0,0,0.878000 13,0,0,0.858000 
1,0,0,0.601100 2,0,0,0.593600 3,0,0,0.606000 4,0,0,0.615100 5,0,0,0.615500 6,0,0,0.619000 7,0,0,0.644200 8,0,0,0.655100 9,0,0,0.645500 10,0,0,0.664000 11,0,0,0.683000 12,0,0,0.669000 13,0,0,0.665000 
1,0,0,0.654100 2,0,0,0.655000 3,0,0,0.647300 4,0,0,0.658000 5,0,0,0.661500 6,0,0,0.659400 7,0,0,0.659100 8,0,0,0.661300 9,0,0,0.672500 10,0,0,0.681000 11,0,0,0.682000 12,0,0,0.691000 13,0,0,0.691000 
1,0,0,0.580300 2,0,0,0.590300 3,0,0,0.602100 4,0,0,0.583900 5,0,0,0.593300 6,0,0,0.589400 7,0,0,0.592700 8,0,0,0.584200 9,0,0,0.581100 10,0,0,0.580000 11,0,0,0.587000 12,0,0,0.583000 13,0,0,0.589000 
1,0,0,0.733500 2,0,0,0.745700 3,0,0,0.751800 4,0,0,0.759700 5,0,0,0.777300 6,0,0,0.783000 7,0,0,0.783900 8,0,0,0.782300 9,0,0,0.785000 10,0,0,0.807000 11,0,0,0.797000 12,0,0,0.794000 13,0,0,0.796000 
1,0,0,0.688900 2,0,0,0.696500 3,0,0,0.690000 4,0,0,0.701900 5,0,0,0.695700 6,0,0,0.692600 7,0,0,0.698900 8,0,0,0.703200 9,0,0,0.700500 10,0,0,0.712000 11,0,0,0.719000 12,0,0,0.721000 13,0,0,0.722000 
1,0,0,0.645600 2,0,0,0.649800 3,0,0,0.678800 4,0,0,0.679800 5,0,0,0.676500 6,0,0,0.679600 7,0,0,0.672900 8,0,0,0.688500 9,0,0,0.697300 10,0,0,0.726000 11,0,0,0.719000 12,0,0,0.692000 13,0,0,0.706000 
1,0,0,0.701400 2,0,0,0.692500 3,0,0,0.698000 4,0,0,0.701300 5,0,0,0.703700 6,0,0,0.702800 7,0,0,0.703500 8,0,0,0.708500 9,0,0,0.712800 10,0,0,0.703000 11,0,0,0.724000 12,0,0,0.717000 13,0,0,0.724000 
1,0,0,0.644700 2,0,0,0.645500 3,0,0,0.643400 4,0,0,0.644700 5,0,0,0.652400 6,0,0,0.651400 7,0,0,0.653000 8,0,0,0.649800 9,0,0,0.658400 10,0,0,0.670000 11,0,0,0.660000 12,0,0,0.657000 13,0,0,0.662000 
1,0,0,0.610900 2,0,0,0.620300 3,0,0,0.627500 4,0,0,0.618200 5,0,0,0.604800 6,0,0,0.611700 7,0,0,0.610300 8,0,0,0.609300 9,0,0,0.596800 10,0,0,0.593000 11,0,0,0.603000 12,0,0,0.604000 13,0,0,0.605000 
1,0,0,0.692800 2,0,0,0.698300 3,0,0,0.697600 4,0,0,0.701300 5,0,0,0.705500 6,0,0,0.701000 7,0,0,0.721300 8,0,0,0.721800 9,0,0,0.721000 10,0,0,0.719000 11,0,0,0.718000 12,0,0,0.713000 13,0,0,0.712000 
1,0,0,0.648600 2,0,0,0.650800 3,0,0,0.654700 4,0,0,0.651200 5,0,0,0.649900 6,0,0,0.649300 7,0,0,0.676800 8,0,0,0.680300 9,0,0,0.725800 10,0,0,0.719000 11,0,0,0.702000 12,0,0,0.694000 13,0,0,0.700000 
1,0,0,0.615700 2,0,0,0.640900 3,0,0,0.615400 4,0,0,0.614600 5,0,0,0.634200 6,0,0,0.628100 7,0,0,0.635600 8,0,0,0.635100 9,0,0,0.640300 10,0,0,0.651000 11,0,0,0.649000 12,0,0,0.650000 13,0,0,0.657000 
1,0,0,0.634100 2,0,0,0.640900 3,0,0,0.635800 4,0,0,0.635600 5,0,0,0.631800 6,0,0,0.632200 7,0,0,0.632000 8,0,0,0.629200 9,0,0,0.645700 10,0,0,0.646000 11,0,0,0.624000 12,0,0,0.679000 13,0,0,0.630000 
1,0,0,0.674200 2,0,0,0.665300 3,0,0,0.704500 4,0,0,0.705800 5,0,0,0.697300 6,0,0,0.703600 7,0,0,0.701300 8,0,0,0.694800 9,0,0,0.697400 10,0,0,0.693000 11,0,0,0.687000 12,0,0,0.691000 13,0,0,0.691000 
8,0,0,0.699300 9,0,0,0.704400 10,0,0,0.713000 12,0,0,0.703000 13,0,0,0.748000 
1,0,0,0.709100 2,0,0,0.733300 3,0,0,0.739700 4,0,0,0.741600 5,0,0,0.742900 6,0,0,0.739900 7,0,0,0.757200 8,0,0,0.761000 9,0,0,0.769100 10,0,0,0.752000 11,0,0,0.755000 12,0,0,0.756000 13,0,0,0.758000 
5,0,0,0.608400 6,0,0,0.608300 7,0,0,0.603000 8,0,0,0.602800 9,0,0,0.592300 10,0,0,0.598000 11,0,0,0.598000 12,0,0,0.596000 13,0,0,0.595000 
1,0,0,0.680700 2,0,0,0.707800 3,0,0,0.732000 4,0,0,0.749500 5,0,0,0.767800 6,0,0,0.766600 7,0,0,0.760800 8,0,0,0.753000 9,0,0,0.725500 10,0,0,0.706000 11,0,0,0.706000 12,0,0,0.695000 13,0,0,0.693000 
10,0,0,0.652000 11,0,0,0.652000 12,0,0,0.669000 13,0,0,0.681000 
1,0,0,0.707700 2,0,0,0.723400 3,0,0,0.722200 4,0,0,0.717500 5,0,0,0.713200 6,0,0,0.713100 7,0,0,0.719100 8,0,0,0.730800 9,0,0,0.720800 10,0,0,0.740000 11,0,0,0.744000 12,0,0,0.742000 13,0,0,0.749000 
1,0,0,0.667100 2,0,0,0.678600 3,0,0,0.680200 4,0,0,0.688900 5,0,0,0.723100 6,0,0,0.721600 7,0,0,0.743900 8,0,0,0.741000 9,0,0,0.733300 10,0,0,0.738000 11,0,0,0.734000 12,0,0,0.706000 13,0,0,0.712000 
1,0,0,0.698300 2,0,0,0.696700 3,0,0,0.691400 4,0,0,0.695000 5,0,0,0.699600 6,0,0,0.696600 7,0,0,0.696800 8,0,0,0.701300 9,0,0,0.694300 10,0,0,0.701000 11,0,0,0.696000 12,0,0,0.702000 13,0,0,0.707000 
1,0,0,0.638500 2,0,0,0.646100 3,0,0,0.673600 4,0,0,0.673200 5,0,0,0.671300 6,0,0,0.679700 7,0,0,0.698200 8,0,0,0.701600 9,0,0,0.721400 10,0,0,0.698000 11,0,0,0.704000 12,0,0,0.692000 13,0,0,0.691000 
1,0,0,0.643700 2,0,0,0.648000 3,0,0,0.666400 4,0,0,0.673800 5,0,0,0.682400 6,0,0,0.685000 7,0,0,0.716600 8,0,0,0.713900 9,0,0,0.728100 10,0,0,0.701000 11,0,0,0.700000 12,0,0,0.672000 13,0,0,0.662000 
1,0,0,0.650900 2,0,0,0.644400 3,0,0,0.644200 4,0,0,0.646700 5,0,0,0.647900 6,0,0,0.652500 7,0,0,0.653900 8,0,0,0.651800 9,0,0,0.652000 10,0,0,0.655000 11,0,0,0.666000 12,0,0,0.670000 13,0,0,0.676000 
2,0,0,0.635000 3,0,0,0.650100 4,0,0,0.648200 5,0,0,0.645200 6,0,0,0.648000 7,0,0,0.661600 8,0,0,0.660400 9,0,0,0.655700 10,0,0,0.652000 11,0,0,0.650000 12,0,0,0.669000 13,0,0,0.662000 
1,0,0,0.599600 2,0,0,0.601900 3,0,0,0.611700 4,0,0,0.586000 5,0,0,0.568000 6,0,0,0.575200 7,0,0,0.584200 8,0,0,0.587200 9,0,0,0.577900 10,0,0,0.599000 11,0,0,0.591000 12,0,0,0.583000 13,0,0,0.582000 
1,0,0,0.651800 2,0,0,0.661500 3,0,0,0.663400 4,0,0,0.663500 5,0,0,0.669500 6,0,0,0.665800 7,0,0,0.666600 8,0,0,0.676100 9,0,0,0.670700 10,0,0,0.668000 11,0,0,0.664000 12,0,0,0.682000 13,0,0,0.686000 
1,0,0,0.583500 2,0,0,0.602200 3,0,0,0.611700 4,0,0,0.610300 5,0,0,0.615200 6,0,0,0.616400 7,0,0,0.612900 8,0,0,0.581000 9,0,0,0.602900 10,0,0,0.613000 11,0,0,0.624000 12,0,0,0.614000 13,0,0,0.607000 
1,0,0,0.632800 2,0,0,0.648700 3,0,0,0.646600 4,0,0,0.651300 5,0,0,0.652000 6,0,0,0.652900 7,0,0,0.654700 8,0,0,0.659900 9,0,0,0.654100 10,0,0,0.646000 11,0,0,0.652000 12,0,0,0.664000 13,0,0,0.663000 
1,0,0,0.646200 2,0,0,0.644100 3,0,0,0.644100 4,0,0,0.650300 5,0,0,0.657700 6,0,0,0.660400 7,0,0,0.671200 8,0,0,0.691700 9,0,0,0.690000 10,0,0,0.699000 11,0,0,0.700000 12,0,0,0.692000 13,0,0,0.721000 
1,0,0,0.712800 2,0,0,0.717200 3,0,0,0.724400 4,0,0,0.710400 5,0,0,0.716000 6,0,0,0.708300 7,0,0,0.710100 8,0,0,0.703700 9,0,0,0.740500 10,0,0,0.742000 11,0,0,0.741000 12,0,0,0.740000 13,0,0,0.733000 
1,0,0,0.682100 2,0,0,0.673100 3,0,0,0.704900 4,0,0,0.722100 5,0,0,0.719400 6,0,0,0.714000 7,0,0,0.711100 8,0,0,0.720400 9,0,0,0.721200 10,0,0,0.709000 11,0,0,0.705000 12,0,0,0.713000 13,0,0,0.714000 
10,0,0,0.689000 11,0,0,0.681000 12,0,0,0.693000 13,0,0,0.706000 
1,0,0,0.582700 2,0,0,0.567600 3,0,0,0.575700 4,0,0,0.592600 5,0,0,0.576700 6,0,0,0.580400 7,0,0,0.583300 8,0,0,0.584500 9,0,0,0.598800 10,0,0,0.593000 11,0,0,0.597000 12,0,0,0.598000 13,0,0,0.607000 
2,0,0,0.688300 3,0,0,0.726600 4,0,0,0.719500 5,0,0,0.732900 6,0,0,0.725100 7,0,0,0.735000 8,0,0,0.734900 9,0,0,0.737000 10,0,0,0.741000 11,0,0,0.750000 12,0,0,0.741000 13,0,0,0.721000 
12,0,0,0.691000 13,0,0,0.690000 
1,0,0,0.686400 2,0,0,0.701200 3,0,0,0.714100 4,0,0,0.716700 5,0,0,0.723800 6,0,0,0.717700 7,0,0,0.712100 8,0,0,0.709400 9,0,0,0.721900 10,0,0,0.760000 11,0,0,0.765000 12,0,0,0.777000 13,0,0,0.789000 
1,0,0,0.547800 2,0,0,0.557500 3,0,0,0.594200 4,0,0,0.621300 5,0,0,0.608400 6,0,0,0.588800 7,0,0,0.602600 8,0,0,0.605300 9,0,0,0.645800 10,0,0,0.658000 11,0,0,0.661000 12,0,0,0.664000 13,0,0,0.671000 
1,0,0,0.725000 2,0,0,0.738300 3,0,0,0.739900 4,0,0,0.749000 5,0,0,0.744400 6,0,0,0.747000 7,0,0,0.765900 8,0,0,0.760800 9,0,0,0.773000 10,0,0,0.776000 11,0,0,0.756000 12,0,0,0.737000 13,0,0,0.747000 
1,0,0,0.750900 2,0,0,0.764900 3,0,0,0.785900 4,0,0,0.788000 5,0,0,0.780800 6,0,0,0.781000 7,0,0,0.780500 8,0,0,0.779900 9,0,0,0.777200 10,0,0,0.782000 11,0,0,0.781000 12,0,0,0.791000 13,0,0,0.801000 
1,0,0,0.656600 2,0,0,0.645800 3,0,0,0.674700 4,0,0,0.700200 5,0,0,0.717600 6,0,0,0.724500 7,0,0,0.769700 8,0,0,0.771500 9,0,0,0.789400 10,0,0,0.776000 11,0,0,0.780000 12,0,0,0.814000 13,0,0,0.809000 
1,0,0,0.610400 2,0,0,0.612200 3,0,0,0.633900 4,0,0,0.628000 5,0,0,0.605500 6,0,0,0.601100 7,0,0,0.631500 8,0,0,0.646900 9,0,0,0.639100 10,0,0,0.638000 11,0,0,0.643000 12,0,0,0.641000 13,0,0,0.621000 
1,0,0,0.799400 2,0,0,0.805900 3,0,0,0.823900 4,0,0,0.822700 5,0,0,0.840400 6,0,0,0.840400 7,0,0,0.840300 8,0,0,0.841700 9,0,0,0.837400 10,0,0,0.850000 11,0,0,0.842000 12,0,0,0.830000 13,0,0,0.835000 
2,0,0,0.590300 3,0,0,0.596000 4,0,0,0.593800 5,0,0,0.595000 6,0,0,0.587300 7,0,0,0.598600 8,0,0,0.605300 9,0,0,0.609100 10,0,0,0.604000 11,0,0,0.612000 13,0,0,0.605000 
1,0,0,0.543400 2,0,0,0.550900 3,0,0,0.554900 4,0,0,0.545800 5,0,0,0.546500 6,0,0,0.558300 7,0,0,0.547800 8,0,0,0.545900 9,0,0,0.552200 10,0,0,0.559000 11,0,0,0.556000 12,0,0,0.546000 13,0,0,0.550000 
1,0,0,0.693500 2,0,0,0.695400 3,0,0,0.709500 4,0,0,0.702400 5,0,0,0.707200 6,0,0,0.704200 7,0,0,0.712200 8,0,0,0.716400 9,0,0,0.719500 10,0,0,0.772000 11,0,0,0.721000 12,0,0,0.722000 13,0,0,0.722000 
1,0,0,0.655600 2,0,0,0.665900 3,0,0,0.637900 4,0,0,0.686800 5,0,0,0.680400 6,0,0,0.681800 7,0,0,0.671400 8,0,0,0.672400 9,0,0,0.689000 10,0,0,0.666000 11,0,0,0.676000 12,0,0,0.678000 13,0,0,0.672000 
1,0,0,0.661900 2,0,0,0.662400 3,0,0,0.695900 4,0,0,0.702400 5,0,0,0.689500 6,0,0,0.679600 7,0,0,0.674200 8,0,0,0.678700 9,0,0,0.719800 10,0,0,0.683000 11,0,0,0.687000 12,0,0,0.719000 13,0,0,0.720000 
1,0,0,0.751600 2,0,0,0.762900 3,0,0,0.756800 4,0,0,0.757900 5,0,0,0.765400 6,0,0,0.768500 7,0,0,0.775700 8,0,0,0.783200 9,0,0,0.781400 10,0,0,0.790000 11,0,0,0.786000 12,0,0,0.790000 13,0,0,0.799000 
1,0,0,0.680200 2,0,0,0.675600 3,0,0,0.695100 4,0,0,0.699800 5,0,0,0.703700 6,0,0,0.703800 7,0,0,0.701500 8,0,0,0.703100 9,0,0,0.705100 10,0,0,0.715000 11,0,0,0.727000 12,0,0,0.728000 13,0,0,0.728000 
1,0,0,0.692200 2,0,0,0.695900 3,0,0,0.705100 4,0,0,0.701300 5,0,0,0.717100 6,0,0,0.714400 7,0,0,0.707100 8,0,0,0.705600 9,0,0,0.724300 10,0,0,0.731000 11,0,0,0.737000 12,0,0,0.734000 13,0,0,0.732000 
2,0,0,0.604100 3,0,0,0.594800 4,0,0,0.590700 5,0,0,0.605900 6,0,0,0.623000 7,0,0,0.626400 8,0,0,0.629900 9,0,0,0.640300 10,0,0,0.645000 11,0,0,0.643000 12,0,0,0.626000 13,0,0,0.629000 
1,0,0,0.679700 2,0,0,0.685900 3,0,0,0.676300 4,0,0,0.680500 5,0,0,0.682600 6,0,0,0.681200 7,0,0,0.685900 8,0,0,0.690800 9,0,0,0.693600 10,0,0,0.693000 11,0,0,0.690000 12,0,0,0.708000 13,0,0,0.711000 
1,0,0,0.677000 2,0,0,0.686600 3,0,0,0.699400 4,0,0,0.698700 5,0,0,0.703600 6,0,0,0.703700 7,0,0,0.698000 8,0,0,0.698300 9,0,0,0.692700 10,0,0,0.694000 11,0,0,0.691000 12,0,0,0.696000 13,0,0,0.701000 
10,0,0,0.794000 11,0,0,0.800000 12,0,0,0.822000 13,0,0,0.804000 
1,0,0,0.524200 2,0,0,0.564700 3,0,0,0.553700 4,0,0,0.565100 5,0,0,0.571300 6,0,0,0.575300 7,0,0,0.573100 8,0,0,0.587900 9,0,0,0.605900 10,0,0,0.605000 11,0,0,0.583000 12,0,0,0.584000 13,0,0,0.590000 
4,0,0,0.642700 5,0,0,0.641400 6,0,0,0.657300 7,0,0,0.665700 8,0,0,0.692300 9,0,0,0.691200 10,0,0,0.698000 11,0,0,0.685000 12,0,0,0.684000 13,0,0,0.682000 
7,0,0,0.703700 8,0,0,0.711600 9,0,0,0.708600 10,0,0,0.720000 11,0,0,0.720000 12,0,0,0.727000 13,0,0,0.730000 
1,0,0,0.655000 2,0,0,0.660900 3,0,0,0.662500 4,0,0,0.666400 5,0,0,0.691400 6,0,0,0.691400 7,0,0,0.698900 8,0,0,0.700000 9,0,0,0.704600 10,0,0,0.711000 11,0,0,0.712000 12,0,0,0.702000 13,0,0,0.707000 
1,0,0,0.675700 2,0,0,0.679700 3,0,0,0.682400 4,0,0,0.684500 5,0,0,0.677800 6,0,0,0.679700 7,0,0,0.682400 8,0,0,0.685700 9,0,0,0.680600 10,0,0,0.675000 11,0,0,0.679000 12,0,0,0.694000 13,0,0,0.693000 
1,0,0,0.674500 2,0,0,0.684200 3,0,0,0.693700 4,0,0,0.698200 5,0,0,0.704700 6,0,0,0.704100 7,0,0,0.713200 8,0,0,0.715500 9,0,0,0.744300 10,0,0,0.784000 11,0,0,0.786000 12,0,0,0.805000 13,0,0,0.784000 
1,0,0,0.712500 2,0,0,0.719400 3,0,0,0.723200 4,0,0,0.770900 5,0,0,0.753500 6,0,0,0.747800 7,0,0,0.749600 8,0,0,0.751000 9,0,0,0.752700 10,0,0,0.759000 11,0,0,0.764000 12,0,0,0.756000 13,0,0,0.755000 
1,0,0,0.731900 2,0,0,0.744400 3,0,0,0.728100 4,0,0,0.734500 5,0,0,0.755400 6,0,0,0.758000 7,0,0,0.726600 8,0,0,0.726600 9,0,0,0.732500 10,0,0,0.742000 11,0,0,0.738000 12,0,0,0.746000 13,0,0,0.746000 
1,0,0,0.719900 2,0,0,0.723000 3,0,0,0.737100 4,0,0,0.740200 5,0,0,0.745800 6,0,0,0.721200 7,0,0,0.712200 8,0,0,0.701900 9,0,0,0.690300 10,0,0,0.686000 11,0,0,0.673000 12,0,0,0.669000 13,0,0,0.676000 
2,0,0,0.679400 3,0,0,0.667400 4,0,0,0.672600 5,0,0,0.640700 6,0,0,0.639500 7,0,0,0.640900 8,0,0,0.636900 9,0,0,0.650400 10,0,0,0.670000 11,0,0,0.679000 12,0,0,0.689000 13,0,0,0.695000 
10,0,0,0.670000 11,0,0,0.665000 12,0,0,0.670000 
1,0,0,0.813300 2,0,0,0.814600 3,0,0,0.813900 4,0,0,0.813900 5,0,0,0.802400 6,0,0,0.804400 7,0,0,0.815900 8,0,0,0.812900 9,0,0,0.816500 10,0,0,0.823000 11,0,0,0.815000 12,0,0,0.816000 13,0,0,0.822000 
1,0,0,0.699700 2,0,0,0.692400 3,0,0,0.736000 4,0,0,0.742600 5,0,0,0.756200 6,0,0,0.762700 7,0,0,0.767200 8,0,0,0.773600 9,0,0,0.779800 10,0,0,0.785000 11,0,0,0.776000 12,0,0,0.755000 13,0,0,0.755000 
2,0,0,0.621600 3,0,0,0.618100 4,0,0,0.607200 5,0,0,0.592600 6,0,0,0.589600 7,0,0,0.562600 8,0,0,0.566100 9,0,0,0.577500 10,0,0,0.568000 11,0,0,0.567000 12,0,0,0.568000 13,0,0,0.568000 
2,0,0,0.657800 3,0,0,0.654100 4,0,0,0.666100 5,0,0,0.659800 6,0,0,0.652600 7,0,0,0.660800 8,0,0,0.668200 9,0,0,0.665400 10,0,0,0.675000 11,0,0,0.679000 12,0,0,0.678000 13,0,0,0.638000 
1,0,0,0.703800 2,0,0,0.696900 3,0,0,0.706800 4,0,0,0.679700 5,0,0,0.682900 6,0,0,0.690400 7,0,0,0.709100 8,0,0,0.692800 9,0,0,0.718200 10,0,0,0.718000 11,0,0,0.716000 12,0,0,0.700000 13,0,0,0.704000 
1,0,0,0.683100 2,0,0,0.681500 3,0,0,0.691700 4,0,0,0.690700 5,0,0,0.691000 6,0,0,0.689200 7,0,0,0.689300 8,0,0,0.692800 9,0,0,0.702700 10,0,0,0.706000 11,0,0,0.699000 12,0,0,0.694000 13,0,0,0.702000 
7,0,0,0.685500 11,0,0,0.637000 12,0,0,0.628000 13,0,0,0.638000 
1,0,0,0.679700 2,0,0,0.685900 3,0,0,0.724500 4,0,0,0.729800 5,0,0,0.735300 6,0,0,0.737200 7,0,0,0.711600 8,0,0,0.716600 9,0,0,0.715400 10,0,0,0.720000 11,0,0,0.723000 
1,0,0,0.628800 2,0,0,0.628300 3,0,0,0.629500 4,0,0,0.623300 5,0,0,0.626600 6,0,0,0.625500 9,0,0,0.627200 10,0,0,0.634000 11,0,0,0.636000 12,0,0,0.651000 13,0,0,0.648000 
1,0,0,0.585000 2,0,0,0.576800 3,0,0,0.585300 4,0,0,0.582800 5,0,0,0.587600 6,0,0,0.595400 7,0,0,0.601500 8,0,0,0.608100 9,0,0,0.618300 10,0,0,0.624000 11,0,0,0.623000 12,0,0,0.625000 13,0,0,0.628000 
1,0,0,0.679700 2,0,0,0.683300 3,0,0,0.698100 4,0,0,0.706700 5,0,0,0.716900 6,0,0,0.722000 7,0,0,0.722800 8,0,0,0.708600 9,0,0,0.682100 10,0,0,0.708000 11,0,0,0.704000 12,0,0,0.721000 13,0,0,0.724000 
1,0,0,0.679700 2,0,0,0.679000 3,0,0,0.685600 4,0,0,0.689600 5,0,0,0.686900 6,0,0,0.686100 7,0,0,0.689400 8,0,0,0.693500 9,0,0,0.705600 10,0,0,0.702000 11,0,0,0.700000 12,0,0,0.705000 13,0,0,0.708000 
1,0,0,0.591900 2,0,0,0.618400 3,0,0,0.622000 4,0,0,0.619800 5,0,0,0.639700 6,0,0,0.645400 7,0,0,0.639200 8,0,0,0.637200 9,0,0,0.643600 10,0,0,0.646000 11,0,0,0.639000 12,0,0,0.649000 13,0,0,0.642000 
1,0,0,0.736500 2,0,0,0.744100 3,0,0,0.736600 4,0,0,0.740200 5,0,0,0.746000 6,0,0,0.746200 7,0,0,0.743300 8,0,0,0.744000 9,0,0,0.738300 10,0,0,0.758000 11,0,0,0.752000 12,0,0,0.770000 13,0,0,0.744000 
1,0,0,0.704200 2,0,0,0.700200 3,0,0,0.717900 4,0,0,0.717300 5,0,0,0.741100 6,0,0,0.741200 7,0,0,0.737300 8,0,0,0.739200 9,0,0,0.746300 10,0,0,0.740000 11,0,0,0.722000 12,0,0,0.718000 13,0,0,0.720000 
1,0,0,0.654900 2,0,0,0.660800 3,0,0,0.690700 4,0,0,0.693600 5,0,0,0.689700 6,0,0,0.690700 7,0,0,0.674500 8,0,0,0.680300 9,0,0,0.687100 10,0,0,0.679000 11,0,0,0.681000 12,0,0,0.710000 13,0,0,0.715000 
1,0,0,0.666400 2,0,0,0.679700 3,0,0,0.687500 4,0,0,0.683900 5,0,0,0.686300 6,0,0,0.686100 7,0,0,0.706000 8,0,0,0.706000 9,0,0,0.685100 10,0,0,0.691000 11,0,0,0.694000 12,0,0,0.706000 13,0,0,0.709000 
2,0,0,0.688900 3,0,0,0.677800 4,0,0,0.680200 5,0,0,0.677600 6,0,0,0.673200 7,0,0,0.686700 8,0,0,0.686300 9,0,0,0.691500 10,0,0,0.687000 11,0,0,0.700000 12,0,0,0.698000 13,0,0,0.698000 
1,0,0,0.459500 2,0,0,0.451000 3,0,0,0.466400 4,0,0,0.460900 5,0,0,0.460300 6,0,0,0.487300 7,0,0,0.505400 8,0,0,0.512800 9,0,0,0.514500 10,0,0,0.484000 11,0,0,0.516000 12,0,0,0.516000 13,0,0,0.499000 
1,0,0,0.636000 2,0,0,0.628800 3,0,0,0.620500 4,0,0,0.631000 5,0,0,0.629300 6,0,0,0.630000 7,0,0,0.627900 8,0,0,0.631200 9,0,0,0.636400 10,0,0,0.650000 
1,0,0,0.646100 2,0,0,0.646400 3,0,0,0.648500 4,0,0,0.651800 5,0,0,0.657400 6,0,0,0.660700 9,0,0,0.701300 10,0,0,0.709000 11,0,0,0.710000 12,0,0,0.717000 13,0,0,0.721000 
